entity_id,template_name,node_count,edge_count,density,degree_mean,degree_std,ola,lineage,genes_inherited,genes_olaX,robustness_score,taxonomy_version,taxonomy_kingdom,taxonomy_family_id,is_candidate,was_swept,sweep_evals_planned,sweep_evals_total,seed_evals_total,seed_success_count,sweep_passed_total,sweep_passed_any,sweep_passed,sweep_seeds_total,sweep_attempted,nan_primary_total,nan_primary_count,nan_primary_rate,seed_success_rate,H_part_norm_mean,H_part_norm_std,PE_lockS1_norm_mean,PE_lockS1_norm_std,R_network_S1_mean,R_network_S1_std,R_mean_lastW_mean,phase_var_lastW_mean,QualityLock_mean,H_part_norm_mean_mean,H_part_norm_mean_std,PE_lockS1_norm_mean_mean,PE_lockS1_norm_mean_std,R_network_S1_mean_mean,R_network_S1_mean_std,robust_score_v1,bins_used_count,H_part_over_bins_std,PE_lock_over_bins_std,R_network_over_bins_std,robust_score_v2,runtime_sec_mean,runtime_sec_p95,pQ_mean,pS1_mean,pS2_mean,best_eval_id,thresholds_version,locked,viable_state,attractor_class,viability_state,dof_grade,promoted,confirmed_family_id,confirmed_family_friendly,taxonomy_inputs
faaebbd8609380534bc0d55d387ea27c33d5e61654bb9a822945ab4a3d3184d0,ring_2,2,1,1.0,1.0,0.0,2,{},{},{},,ola2_taxonomy_v1,UNKNOWN,R_mean_lastW=na|entropy_quality=na|memory_score_k10=na|phase_var_lastW=na,True,True,4,4,4,4,4,True,True,4,True,0,0,0.0,1.0,0.6076217676155952,0.11465986042352379,0.3222151481504828,0.09091241454499821,0.679808674550977,0.015840973592783157,0.9422843533172,7.94705108500286e-07,0.9997017720907135,0.6076217676155952,0.11465986042352379,0.3222151481504828,0.09091241454499821,0.679808674550977,0.015840973592783157,0.7178518295404914,1,0.0,0.0,0.0,1.0,89.55835932597984,89.96917384286644,0.5726514818752834,0.1470308097125581,0.28031769911024634,3ff8fa17b81b4cc32060c2869330d255227769b0cd824246a77a41add4757e73,ola2_taxonomy_v1,False,UNKNOWN,FUNCTIONAL_LOCK,VIABLE,A,True,ff5438f2dfdb3265,ring_2:FUNCTIONAL_LOCK:Roob_PE2_H3,R=0.680 PE=0.322 H=0.608 evals=4
65ef59df4b0165de991698ab0e422fdc9cb743c9db7b407dfbe8c0a0b406f2ac,ring_2,2,1,1.0,1.0,0.0,2,{},{},{},,ola2_taxonomy_v1,UNKNOWN,R_mean_lastW=na|entropy_quality=na|memory_score_k10=na|phase_var_lastW=na,True,True,4,4,4,4,4,True,True,4,True,0,0,0.0,1.0,0.6193793122372816,0.12469817635556907,0.32674017837128644,0.0021099538218969393,0.752560052753083,0.007034532726556828,0.9865484421440659,4.915270614624022e-10,0.99999637571373,0.6193793122372816,0.12469817635556907,0.32674017837128644,0.0021099538218969393,0.752560052753083,0.007034532726556828,0.9906525297206217,1,0.0,0.0,0.0,1.0,89.833195116953,90.71676847719354,0.522943789195514,0.3952549074524675,0.08180130075385732,92f19cc54f3d36c8f4d58759bf8139534c1cdbfe036fa9de8ec4eb4f278f96f3,ola2_taxonomy_v1,False,UNKNOWN,FUNCTIONAL_LOCK,VIABLE,A,True,139c4319dd42d899,ring_2:FUNCTIONAL_LOCK:R0_PE2_H3,R=0.753 PE=0.327 H=0.619 evals=4
0066ada42fda782dcb418082940f6cfaedfad0cc2e6cf0cfead86a34ea0a9cc6,ring_3,3,3,1.0,2.0,0.0,2,{},{},{},,ola2_taxonomy_v1,UNKNOWN,R_mean_lastW=na|entropy_quality=na|memory_score_k10=na|phase_var_lastW=na,True,True,4,4,4,4,4,True,True,4,True,0,0,0.0,1.0,0.390260851366918,0.07267071003743261,0.20491214691226084,0.013572898695132328,0.6249837729081857,0.029411376515270087,0.9040060194156676,6.005214240117188e-06,0.998957348872572,0.390260851366918,0.07267071003743261,0.20491214691226084,0.013572898695132328,0.6249837729081857,0.029411376515270087,0.9337623518192704,1,0.0,0.0,0.0,1.0,131.39656221971381,132.94144215267153,0.7999953091862345,0.026891909517933115,0.17311277965937633,f634677b543ba2a6142dd266c9a139582569d79d59ae68babb65cb1a3c941b02,ola2_taxonomy_v1,False,UNKNOWN,FUNCTIONAL_LOCK,VIABLE,A,True,6357695ae876ac33,ring_3:FUNCTIONAL_LOCK:Roob_PE2_H2,R=0.625 PE=0.205 H=0.390 evals=4
48d3626fb4c13c4e6668ab76ffd7fc289b805a94c3b50135d4f6af9c68384fc8,ladder_2,4,4,0.6666666666666666,2.0,0.0,2,{},{},{},,ola2_taxonomy_v1,UNKNOWN,R_mean_lastW=na|entropy_quality=na|memory_score_k10=na|phase_var_lastW=na,True,True,4,4,4,4,4,True,True,4,True,0,0,0.0,1.0,0.6152800955812443,0.1670101667431599,0.32106073616234126,0.002154119231318441,0.539197590461112,0.00976665197254894,0.8879715198292307,0.00010156231632667066,0.9973613056952679,0.6152800955812443,0.1670101667431599,0.32106073616234126,0.002154119231318441,0.539197590461112,0.00976665197254894,0.981886692104472,1,0.0,0.0,0.0,1.0,175.8326435930212,176.48327615148156,0.6684520241595386,0.2195243145805446,0.11202365919168875,dd62b2222b3b0b9aab3223233a227e42aa208894968b3cdd03c06063bd332138,ola2_taxonomy_v1,False,UNKNOWN,FUNCTIONAL_LOCK,VIABLE,B,True,c406389cacdb14b8,ladder_2:FUNCTIONAL_LOCK:Roob_PE2_H3,R=0.539 PE=0.321 H=0.615 evals=4
4c09ef132b8ae6b6adf3e14d63dc6eaffedee023a7663cb711a233c93901086e,ladder_2,4,4,0.6666666666666666,2.0,0.0,2,{},{},{},,ola2_taxonomy_v1,UNKNOWN,R_mean_lastW=na|entropy_quality=na|memory_score_k10=na|phase_var_lastW=na,True,True,4,4,4,4,4,True,True,4,True,0,0,0.0,1.0,0.5012587719261505,0.06353984418983992,0.1855367098625738,0.002517942742272717,0.49002333965580547,0.03925530818769848,0.9246369797108871,0.00020180196491397098,0.999859801282847,0.5012587719261505,0.06353984418983992,0.1855367098625738,0.002517942742272717,0.49002333965580547,0.03925530818769848,0.9198909418982542,1,0.0,0.0,0.0,1.0,173.83151664957404,175.7374465231318,0.7148035336622205,0.027887046374922828,0.2573094178655304,4a2d62611ab71db22dac2afe8d7e19bf62a7b5714e635103122eb6a4b048f9bf,ola2_taxonomy_v1,False,UNKNOWN,FUNCTIONAL_LOCK,VIABLE,B,True,2d99a3bc0f621977,ladder_2:FUNCTIONAL_LOCK:Roob_PE1_H3,R=0.490 PE=0.186 H=0.501 evals=4
ad363e40b57361e07911569ebf8547ef7d8670944cd74e8005aae04fbd6620cd,ring_2,2,1,1.0,1.0,0.0,2,{},{},{},,ola2_taxonomy_v1,UNKNOWN,R_mean_lastW=na|entropy_quality=na|memory_score_k10=na|phase_var_lastW=na,True,True,4,4,4,4,4,True,True,4,True,0,0,0.0,1.0,0.30060582646570383,0.03913961594430481,0.18523237169505413,0.00034133131359930413,0.6486471341570925,0.13051359283192757,0.9475924107311278,5.05304600679639e-10,0.9999928183787691,0.30060582646570383,0.03913961594430481,0.18523237169505413,0.00034133131359930413,0.6486471341570925,0.13051359283192757,0.7987910745932331,1,0.0,0.0,0.0,1.0,89.99773235566681,90.96038213818102,0.8594038296380684,0.01863648298179068,0.1219596825570234,d3dcf19da772057902e5f5f185cb198e86d436d712beb55a50d554be6fff69c0,ola2_taxonomy_v1,False,UNKNOWN,FUNCTIONAL_LOCK,VIABLE,A,True,3a4d99d5b841605f,ring_2:FUNCTIONAL_LOCK:Roob_PE1_H2,R=0.649 PE=0.185 H=0.301 evals=4
84b205dce8fc4930ba9311bba6b0027da74bee7e098403d07058c9492665cfa8,ring_2,2,1,1.0,1.0,0.0,2,{},{},{},,ola2_taxonomy_v1,UNKNOWN,R_mean_lastW=na|entropy_quality=na|memory_score_k10=na|phase_var_lastW=na,True,True,4,4,4,4,4,True,True,4,True,0,0,0.0,1.0,0.5941005900345022,0.1321340033896309,0.31821841175783366,0.0009605559205936961,0.7175878126464474,0.02457118256153955,0.9210120995591785,5.997667175067413e-10,0.999990460399408,0.5941005900345022,0.1321340033896309,0.31821841175783366,0.0009605559205936961,0.7175878126464474,0.02457118256153955,0.9657586400876548,1,0.0,0.0,0.0,1.0,88.98936620674795,89.49259899494936,0.5692625235832883,0.3462021919046502,0.08453527908724506,d233ea2b6a2cc09b107a08fdde24372ec9cbc10db2ea183ebbc388820eb34210,ola2_taxonomy_v1,False,UNKNOWN,FUNCTIONAL_LOCK,VIABLE,A,True,139c4319dd42d899,ring_2:FUNCTIONAL_LOCK:R0_PE2_H3,R=0.718 PE=0.318 H=0.594 evals=4
cf61d4d7a4dece7a56828a8b3f25b8acf32bc30351dc35c75f996dc885276ea6,ladder_2,4,4,0.6666666666666666,2.0,0.0,2,{},{},{},,ola2_taxonomy_v1,UNKNOWN,R_mean_lastW=na|entropy_quality=na|memory_score_k10=na|phase_var_lastW=na,True,True,4,4,4,4,4,True,True,4,True,0,0,0.0,1.0,0.43292336561331235,0.0659712132213723,0.21783114600849202,0.032445372240743335,0.4786047916018468,0.07721850775633528,0.9375506742000967,0.00012177840489685844,0.9990625317868963,0.43292336561331235,0.0659712132213723,0.21783114600849202,0.032445372240743335,0.4786047916018468,0.07721850775633528,0.8386591419239829,1,0.0,0.0,0.0,1.0,173.06099114671815,173.8093972002156,0.7703576428304536,0.027672459198999435,0.20196989480582372,6a0276a77c16b700defb368429dc4177358ce5275e477d5fb612054e69e1c81f,ola2_taxonomy_v1,False,UNKNOWN,FUNCTIONAL_LOCK,VIABLE,B,True,19db2fb32bed7851,ladder_2:FUNCTIONAL_LOCK:Roob_PE2_H2,R=0.479 PE=0.218 H=0.433 evals=4
1053a0c7844d808055936d41e74277e6ef367b19c263eff3585a76386ccd9c0c,ring_5,5,5,0.5,2.0,0.0,2,{},{},{},,ola2_taxonomy_v1,UNKNOWN,R_mean_lastW=na|entropy_quality=na|memory_score_k10=na|phase_var_lastW=na,True,True,4,4,4,4,4,True,True,4,True,0,0,0.0,1.0,0.3828955179487624,0.12231569698459616,0.4499676760208845,0.16196394890724056,0.47086913741113035,0.04379227981609452,0.8665315086626648,0.00013574661042621618,0.9952412940381697,0.3828955179487624,0.12231569698459616,0.4499676760208845,0.16196394890724056,0.47086913741113035,0.04379227981609452,0.6400542582536011,1,0.0,0.0,0.0,1.0,215.39574198500486,217.62828969869298,0.3484388073579492,0.007945970782271201,0.6436152214770793,7151842921f76d7d54a5e46782f38fb3d89178be17ec9545c7fce329f197a1ad,ola2_taxonomy_v1,False,UNKNOWN,FUNCTIONAL_LOCK,VIABLE,B,True,9e3d44bbd7f60f21,ring_5:FUNCTIONAL_LOCK:Roob_PE3_H2,R=0.471 PE=0.450 H=0.383 evals=4
24725c508dafe60a09fa2c17b2dcc2395effb22e9fc33e7bebecbc27492ee692,ring_2,2,1,1.0,1.0,0.0,2,{},{},{},,ola2_taxonomy_v1,UNKNOWN,R_mean_lastW=na|entropy_quality=na|memory_score_k10=na|phase_var_lastW=na,True,True,4,4,4,4,4,True,True,4,True,0,0,0.0,1.0,0.26358741178972706,0.0602864294549827,0.18735257362173663,0.002230981370213249,0.7075510146337388,0.14314051863663727,0.9778573783540251,1.5095474565317903e-11,0.9999991869229371,0.26358741178972706,0.0602864294549827,0.18735257362173663,0.002230981370213249,0.7075510146337388,0.14314051863663727,0.7976958329842359,1,0.0,0.0,0.0,1.0,90.39597785251681,91.446037732088,0.832314087664664,0.026381317808150173,0.1413045861561665,c34549e93ff9ae61228bdacd24911601f7c730e452cd55000095052a390561b7,ola2_taxonomy_v1,False,UNKNOWN,FUNCTIONAL_LOCK,VIABLE,A,True,c5b04e6ae0f670fc,ring_2:FUNCTIONAL_LOCK:R0_PE1_H1,R=0.708 PE=0.187 H=0.264 evals=4
fec162d38752de5956e5e582465338a735c266531d2d2a6da9c8e439d82a402c,bipartite_2_2,4,4,0.6666666666666666,2.0,0.0,2,{},{},{},,ola2_taxonomy_v1,UNKNOWN,R_mean_lastW=na|entropy_quality=na|memory_score_k10=na|phase_var_lastW=na,True,True,4,4,4,4,4,True,True,4,True,0,0,0.0,1.0,0.49407362979848396,0.15502327591073736,0.32525890008641134,0.0007338644081209484,0.5553574065247986,0.10999838501181945,0.9779532744521252,3.7968007429419372e-06,0.9995847070742562,0.49407362979848396,0.15502327591073736,0.32525890008641134,0.0007338644081209484,0.5553574065247986,0.10999838501181945,0.8019322625043488,1,0.0,0.0,0.0,1.0,174.41425201948732,175.2980119605665,0.503581557805373,0.425120641713626,0.07129779880085386,3756d3d52f1cc2dfc829ded8e5de91e96bd4d71fc5b26db3130fe75c4bb1b92f,ola2_taxonomy_v1,False,UNKNOWN,FUNCTIONAL_LOCK,VIABLE,B,True,4fa825e3687f7b68,bipartite_2_2:FUNCTIONAL_LOCK:Roob_PE2_H2,R=0.555 PE=0.325 H=0.494 evals=4
ffa5fdb0bd79974b382cf71e4c684b696a19038744cd8c2fc4c34a0b9c80a8fe,ring_2,2,1,1.0,1.0,0.0,2,{},{},{},,ola2_taxonomy_v1,UNKNOWN,R_mean_lastW=na|entropy_quality=na|memory_score_k10=na|phase_var_lastW=na,True,True,4,4,4,4,4,True,True,4,True,0,0,0.0,1.0,0.325579690937274,0.12441756618886349,0.1978001599290874,0.0008115157260893566,0.658291920735365,0.03666952070792831,0.9917011383454463,8.665754781717281e-11,0.9999988031913691,0.325579690937274,0.12441756618886349,0.1978001599290874,0.0008115157260893566,0.658291920735365,0.03666952070792831,0.9442959581412369,1,0.0,0.0,0.0,1.0,89.35292339680018,91.4354602308129,0.8225904344737146,0.0070877139455612186,0.17032184804914285,f39ae49b573bc8007424d7832d18f095a71c9e21990ad2cab3d06ddbd14c7d53,ola2_taxonomy_v1,False,UNKNOWN,FUNCTIONAL_LOCK,VIABLE,A,True,3a4d99d5b841605f,ring_2:FUNCTIONAL_LOCK:Roob_PE1_H2,R=0.658 PE=0.198 H=0.326 evals=4
f2eb0d384a759344a818fbffa951fefd65d016e3e23232199980e7fab718f095,ring_2,2,1,1.0,1.0,0.0,2,{},{},{},,ola2_taxonomy_v1,UNKNOWN,R_mean_lastW=na|entropy_quality=na|memory_score_k10=na|phase_var_lastW=na,True,True,4,4,4,4,4,True,True,4,True,0,0,0.0,1.0,0.31002100060505766,0.05224731507091927,0.1917990551610163,0.001851618280746863,0.7148989360395704,0.08747566332247642,0.9600412050751531,4.723729637366033e-10,0.9999939176145924,0.31002100060505766,0.05224731507091927,0.1917990551610163,0.001851618280746863,0.7148989360395704,0.08747566332247642,0.8776391194438222,1,0.0,0.0,0.0,1.0,90.94425421929918,92.09040818625363,0.8305932912644569,0.09342581623927321,0.075980886906793,e4a4b97196405fc6b28bc894bac1ab759f395c99cc69a01241a834eae263deb8,ola2_taxonomy_v1,False,UNKNOWN,FUNCTIONAL_LOCK,VIABLE,A,True,e6cea0161a90be88,ring_2:FUNCTIONAL_LOCK:R0_PE1_H2,R=0.715 PE=0.192 H=0.310 evals=4
9d39df3dfbea987c145ccf6169f0bf1436322d7bf0068b9909190b2291fc1434,complete_4,4,6,1.0,3.0,0.0,2,{},{},{},,ola2_taxonomy_v1,UNKNOWN,R_mean_lastW=na|entropy_quality=na|memory_score_k10=na|phase_var_lastW=na,True,True,4,4,4,4,4,True,True,4,True,0,0,0.0,1.0,0.5987941925550379,0.1242458446428577,0.3507776474972061,0.0010006289771928658,0.5068980535085634,0.019633284881226922,0.9184778494580819,2.1533791542079628e-05,0.9978565665079681,0.5987941925550379,0.1242458446428577,0.3507776474972061,0.0010006289771928658,0.5068980535085634,0.019633284881226922,0.9612677840340232,1,0.0,0.0,0.0,1.0,172.40967408166034,176.53089205747239,0.25878654919114746,0.4692293796811758,0.2719840701513684,fe82c0fd4c0e56aa871425de4ff567b248584f090e91e2d12bc9a1c2f0cc273b,ola2_taxonomy_v1,False,UNKNOWN,FUNCTIONAL_LOCK,VIABLE,B,True,340262789e51cbcb,complete_4:FUNCTIONAL_LOCK:Roob_PE2_H3,R=0.507 PE=0.351 H=0.599 evals=4
a6a1001ca8f3f91292db12df4a58330e2ba876715243a54c5b59f1d84fec0517,ring_4,4,4,0.6666666666666666,2.0,0.0,2,{},{},{},,ola2_taxonomy_v1,UNKNOWN,R_mean_lastW=na|entropy_quality=na|memory_score_k10=na|phase_var_lastW=na,True,True,4,4,4,4,4,True,True,4,True,0,0,0.0,1.0,0.6090425926394615,0.10960967235637453,0.2926727698188817,0.05352109416764041,0.5377175861103936,0.020695654128295986,0.950576512960287,7.848043180115228e-05,0.997751785637056,0.6090425926394615,0.10960967235637453,0.2926727698188817,0.05352109416764041,0.5377175861103936,0.020695654128295986,0.8171299154316217,1,0.0,0.0,0.0,1.0,174.83065061003435,175.98160974691854,0.6280107878505317,0.24769076502649687,0.12429844558074868,25170eb86629e673f10a145a8d1cdc4a77619c83e960cf79dad37478cfd35f6a,ola2_taxonomy_v1,False,UNKNOWN,FUNCTIONAL_LOCK,VIABLE,B,True,34c0b895c1d9f5c5,ring_4:FUNCTIONAL_LOCK:Roob_PE2_H3,R=0.538 PE=0.293 H=0.609 evals=4
1ca8d860061c137b97a9838806a9c8482313f2fc5a028e3e02c905aa245db5a9,ring_2,2,1,1.0,1.0,0.0,2,{},{},{},,ola2_taxonomy_v1,UNKNOWN,R_mean_lastW=na|entropy_quality=na|memory_score_k10=na|phase_var_lastW=na,True,True,4,4,4,4,4,True,True,4,True,0,0,0.0,1.0,0.37738312395698437,0.1028284920898705,0.21471368698001364,0.0051937854898204145,0.6807410528284478,0.029784556364445203,0.9986083255425251,6.767521305557102e-11,0.9999995661152914,0.37738312395698437,0.1028284920898705,0.21471368698001364,0.0051937854898204145,0.6807410528284478,0.029784556364445203,0.9562468632665949,1,0.0,0.0,0.0,1.0,85.67317866458325,86.81420763562201,0.7984713232124155,0.01284407972008819,0.1886845898133229,469fe2139121bbc0a00e3f190ee9c02ca679b4aaa4713c6149729d18d8fb879c,ola2_taxonomy_v1,False,UNKNOWN,FUNCTIONAL_LOCK,VIABLE,A,True,e1610169dc4e68ad,ring_2:FUNCTIONAL_LOCK:Roob_PE2_H2,R=0.681 PE=0.215 H=0.377 evals=4
15a6c65f4f9803ac7fb7ccb908bfba9b989133262d2e51e9830298d1e0632510,ladder_2,4,4,0.6666666666666666,2.0,0.0,2,{},{},{},,ola2_taxonomy_v1,UNKNOWN,R_mean_lastW=na|entropy_quality=na|memory_score_k10=na|phase_var_lastW=na,True,True,4,4,4,4,4,True,True,4,True,0,0,0.0,1.0,0.36994137082408335,0.007258334768184951,0.21291641622895832,0.005244570994491594,0.4733758344263865,0.0074755178066639475,0.8482802126529438,0.0002390261728546009,0.9988927971682101,0.36994137082408335,0.007258334768184951,0.21291641622895832,0.005244570994491594,0.4733758344263865,0.0074755178066639475,0.9753679350452157,1,0.0,0.0,0.0,1.0,176.51877014851198,177.60271876433399,0.832364030033384,0.012196475573879728,0.1554394907876766,08e09dd41c127fb6375515808de3f0bbb0fa32b1c00d5f975f2072f1a4a5d3e5,ola2_taxonomy_v1,False,UNKNOWN,FUNCTIONAL_LOCK,VIABLE,B,True,19db2fb32bed7851,ladder_2:FUNCTIONAL_LOCK:Roob_PE2_H2,R=0.473 PE=0.213 H=0.370 evals=4
fef441dd656461931a2ff7618a506f49487d4be5ea2dc60601c4bff47d31a569,ring_2,2,1,1.0,1.0,0.0,2,{},{},{},,ola2_taxonomy_v1,UNKNOWN,R_mean_lastW=na|entropy_quality=na|memory_score_k10=na|phase_var_lastW=na,True,True,4,4,4,4,4,True,True,4,True,0,0,0.0,1.0,0.460283169710675,0.07140115441952176,0.19021306191165127,0.005115326373443098,0.6651253028670986,0.03439205473437265,0.9778900309931896,7.857798673856692e-07,0.9998148662493374,0.460283169710675,0.07140115441952176,0.19021306191165127,0.005115326373443098,0.6651253028670986,0.03439205473437265,0.9482923674890704,1,0.0,0.0,0.0,1.0,89.58190869196551,91.3890477766632,0.7312038895013768,0.0665823946562281,0.20221370647121845,7ed3bfbde277bfec6c94d887fd93e831670090858bda409833707bb0c114e490,ola2_taxonomy_v1,False,UNKNOWN,FUNCTIONAL_LOCK,VIABLE,A,True,3a4d99d5b841605f,ring_2:FUNCTIONAL_LOCK:Roob_PE1_H2,R=0.665 PE=0.190 H=0.460 evals=4
4050e4092eddbe8a13243fcf608db3d368a901682a3b467594614e7f1b5b1813,ring_2,2,1,1.0,1.0,0.0,2,{},{},{},,ola2_taxonomy_v1,UNKNOWN,R_mean_lastW=na|entropy_quality=na|memory_score_k10=na|phase_var_lastW=na,True,True,4,4,4,4,4,True,True,4,True,0,0,0.0,1.0,0.39576173913254975,0.06240416908258368,0.2078464146276631,0.00510949463073859,0.6692952362862542,0.014935880930326901,0.9969234797993686,3.507123953444257e-11,0.9999995358205328,0.39576173913254975,0.06240416908258368,0.2078464146276631,0.00510949463073859,0.6692952362862542,0.014935880930326901,0.975416970074313,1,0.0,0.0,0.0,1.0,88.50944544753293,89.91885864867363,0.8005507113314135,0.07238198569388535,0.12706729603855607,1c4e7af4d21c1e2dfe7a63fe5562607d67d3cdc6e291991a344d221ceec0d1f9,ola2_taxonomy_v1,False,UNKNOWN,FUNCTIONAL_LOCK,VIABLE,A,True,e1610169dc4e68ad,ring_2:FUNCTIONAL_LOCK:Roob_PE2_H2,R=0.669 PE=0.208 H=0.396 evals=4
3bd058ff4cd484aa36fc1457049dab70d204946d9a9b0fba96ab97e108599acb,ring_3,3,3,1.0,2.0,0.0,2,{},{},{},,ola2_taxonomy_v1,UNKNOWN,R_mean_lastW=na|entropy_quality=na|memory_score_k10=na|phase_var_lastW=na,True,True,4,4,4,4,4,True,True,4,True,0,0,0.0,1.0,0.4028863231133457,0.04322554577615658,0.19986088699362825,0.003958372738693081,0.5537093981847999,0.06670636021438717,0.9958788343091589,4.177140586728471e-11,0.9999994826096535,0.4028863231133457,0.04322554577615658,0.19986088699362825,0.003958372738693081,0.5537093981847999,0.06670636021438717,0.8795282138373169,1,0.0,0.0,0.0,1.0,133.1124845998129,134.58724099161336,0.7545816244875693,0.0045551923066725316,0.24086318133169426,3632e01528e3afbfce54271695a36f240f0a073c7590ce105566e761980cf0f7,ola2_taxonomy_v1,False,UNKNOWN,FUNCTIONAL_LOCK,VIABLE,B,True,64df6b42e1735047,ring_3:FUNCTIONAL_LOCK:Roob_PE1_H2,R=0.554 PE=0.200 H=0.403 evals=4
fb9319b079e6282dd54d381dbc1961be628ee31bc9d130cee9a3b3c90f8e92d1,ring_2,2,1,1.0,1.0,0.0,2,{},{},{},,ola2_taxonomy_v1,UNKNOWN,R_mean_lastW=na|entropy_quality=na|memory_score_k10=na|phase_var_lastW=na,True,True,4,4,4,4,4,True,True,4,True,0,0,0.0,1.0,0.2541068920587245,0.016987215692355014,0.18847794229745868,0.007593413293058626,0.6829348041508654,0.10084654871843102,0.9967116185211813,3.340119381039515e-11,0.9999995316944923,0.2541068920587245,0.016987215692355014,0.18847794229745868,0.007593413293058626,0.6829348041508654,0.10084654871843102,0.8523335637523706,1,0.0,0.0,0.0,1.0,87.81205538701033,88.70593787657563,0.8497237935666966,0.04346358793671853,0.10681261400892289,3f39ae678ff9c92d8f8c115c98cb2a451495056356e215ea363dec4354582f4a,ola2_taxonomy_v1,False,UNKNOWN,FUNCTIONAL_LOCK,VIABLE,A,True,631d30bc180a91a7,ring_2:FUNCTIONAL_LOCK:Roob_PE1_H1,R=0.683 PE=0.188 H=0.254 evals=4
3aeecb2faf3a9f031bf2059e5ae363aeea8509cdb6f83e40de4c3f3d964dcb2d,ring_4,4,4,0.6666666666666666,2.0,0.0,2,{},{},{},,ola2_taxonomy_v1,UNKNOWN,R_mean_lastW=na|entropy_quality=na|memory_score_k10=na|phase_var_lastW=na,True,True,4,4,4,4,4,True,True,4,True,0,0,0.0,1.0,0.6305763094449529,0.08770617614258773,0.25140965594540526,0.0012706421225510466,0.46769236402352216,0.015187540065177531,0.7888756531342495,0.0007680477338611215,0.9786186761723615,0.6305763094449529,0.08770617614258773,0.25140965594540526,0.0012706421225510466,0.46769236402352216,0.015187540065177531,0.9675266452192628,1,0.0,0.0,0.0,1.0,174.09958233765792,179.35355995381252,0.5877367715581084,0.049841088301740395,0.36242213878132806,796f2c4f8f3d2eb3c101b24f351e54c46d08237277d6f60e4abef6addf8cadda,ola2_taxonomy_v1,False,UNKNOWN,FUNCTIONAL_LOCK,VIABLE,B,True,34c0b895c1d9f5c5,ring_4:FUNCTIONAL_LOCK:Roob_PE2_H3,R=0.468 PE=0.251 H=0.631 evals=4
cb3ec0e42929ad6a986bb0ff0e4c3ef79bdb761d514b2cff8ad9d470da4d9c9b,ring_2,2,1,1.0,1.0,0.0,2,{},{},{},,ola2_taxonomy_v1,UNKNOWN,R_mean_lastW=na|entropy_quality=na|memory_score_k10=na|phase_var_lastW=na,True,True,4,4,4,4,4,True,True,4,True,0,0,0.0,1.0,0.3915275115029635,0.06485348154363241,0.1973091904466568,0.0009676466458637298,0.6376260812036952,0.046881370165666944,0.924856858777375,1.7309419539629478e-08,0.9999499694989017,0.3915275115029635,0.06485348154363241,0.1973091904466568,0.0009676466458637298,0.6376260812036952,0.046881370165666944,0.9264751371569284,1,0.0,0.0,0.0,1.0,89.29455082799541,89.94750658576376,0.7670343007042933,0.025328210858296417,0.20763748480004607,0f1bdcc67a0fdc678c97fbb6668a7dab1869711583ce867c6bd461358a662015,ola2_taxonomy_v1,False,UNKNOWN,FUNCTIONAL_LOCK,VIABLE,A,True,3a4d99d5b841605f,ring_2:FUNCTIONAL_LOCK:Roob_PE1_H2,R=0.638 PE=0.197 H=0.392 evals=4
0255a6cba9af62f6163bd60c92e36a6d2da22b505dab862640f7f8804022e779,complete_4,4,6,1.0,3.0,0.0,2,{},{},{},,ola2_taxonomy_v1,UNKNOWN,R_mean_lastW=na|entropy_quality=na|memory_score_k10=na|phase_var_lastW=na,True,True,4,4,4,4,4,True,True,4,True,0,0,0.0,1.0,0.5191227001154789,0.06615575041470632,0.217908546138446,0.004763040599030949,0.5192291669429441,0.028073821809655494,0.9851359905540056,5.746351783171553e-09,0.9999886457325606,0.5191227001154789,0.06615575041470632,0.217908546138446,0.004763040599030949,0.5192291669429441,0.028073821809655494,0.9459317318883582,1,0.0,0.0,0.0,1.0,178.0439013505238,182.39673430557596,0.6798653161404631,0.042720858654987315,0.2774138242407367,f935ab9562bba0b1122766fcf8991cfae308d381c2d18ad27ff31342fcdba1ef,ola2_taxonomy_v1,False,UNKNOWN,FUNCTIONAL_LOCK,VIABLE,B,True,340262789e51cbcb,complete_4:FUNCTIONAL_LOCK:Roob_PE2_H3,R=0.519 PE=0.218 H=0.519 evals=4
c9dcad220127557b5b87381b0a320607f440a1bab75bb6ba7513bc80e62bee32,ring_2,2,1,1.0,1.0,0.0,2,{},{},{},,ola2_taxonomy_v1,UNKNOWN,R_mean_lastW=na|entropy_quality=na|memory_score_k10=na|phase_var_lastW=na,True,True,4,4,4,4,4,True,True,4,True,0,0,0.0,1.0,0.33027169300252046,0.0318662131403048,0.20454776827124244,0.0016051411053460449,0.7027411508552119,0.04692719233056565,0.9873738888306424,2.025581431627991e-10,0.9999977454455912,0.33027169300252046,0.0318662131403048,0.20454776827124244,0.0016051411053460449,0.7027411508552119,0.04692719233056565,0.9332226492308628,1,0.0,0.0,0.0,1.0,89.10764456825564,89.89425179562531,0.8488532253570205,0.03766176121137075,0.11348500991880874,da485938972cbc1a54be490da63ec4c8640a946a57b2120ee0d8b7a0e0a3bf64,ola2_taxonomy_v1,False,UNKNOWN,FUNCTIONAL_LOCK,VIABLE,A,True,29a6648d414db444,ring_2:FUNCTIONAL_LOCK:R0_PE2_H2,R=0.703 PE=0.205 H=0.330 evals=4
8f63772d7689cd715955aebd899b1099e4837392e5a8c37e4c1dff2c7bf56096,ring_2,2,1,1.0,1.0,0.0,2,{},{},{},,ola2_taxonomy_v1,UNKNOWN,R_mean_lastW=na|entropy_quality=na|memory_score_k10=na|phase_var_lastW=na,True,True,4,4,4,4,4,True,True,4,True,0,0,0.0,1.0,0.4670732650643503,0.019611044774553586,0.3014610952506852,0.06604415484151452,0.7350552187670014,0.012559223077622608,0.9744591478314281,1.3936897382098113e-10,0.9999973489069515,0.4670732650643503,0.019611044774553586,0.3014610952506852,0.06604415484151452,0.7350552187670014,0.012559223077622608,0.7809198072919016,1,0.0,0.0,0.0,1.0,88.7111656597699,90.28758717641468,0.6966231303204737,0.1757207928896438,0.12765606946832686,7368ecf739b3681b256e21bf3b7ba50d98355bf5e2dcee77ed801a341d3294a7,ola2_taxonomy_v1,False,UNKNOWN,FUNCTIONAL_LOCK,VIABLE,A,True,29a6648d414db444,ring_2:FUNCTIONAL_LOCK:R0_PE2_H2,R=0.735 PE=0.301 H=0.467 evals=4
bb0aa5bcf692b333f8045d4059130a1fe7c5e645ee506b349f52277344f71350,ring_2,2,1,1.0,1.0,0.0,2,{},{},{},,ola2_taxonomy_v1,UNKNOWN,R_mean_lastW=na|entropy_quality=na|memory_score_k10=na|phase_var_lastW=na,True,True,4,4,4,4,4,True,True,4,True,0,0,0.0,1.0,0.2634740086205428,0.07396525880956367,0.18356208022301285,0.0009714490396166964,0.6691184869044409,0.0644551279703992,0.9805086924119428,2.8968990431396668e-11,0.9999989425124747,0.2634740086205428,0.07396525880956367,0.18356208022301285,0.0009714490396166964,0.6691184869044409,0.0644551279703992,0.9036715780061771,1,0.0,0.0,0.0,1.0,89.87338205444394,90.53187931968132,0.8423572898744736,0.03391843014924331,0.12372427234522679,addfb19f854acc0c988f48450c8f2a220110720f84d91ccfdf8d75d7398f6b27,ola2_taxonomy_v1,False,UNKNOWN,FUNCTIONAL_LOCK,VIABLE,A,True,631d30bc180a91a7,ring_2:FUNCTIONAL_LOCK:Roob_PE1_H1,R=0.669 PE=0.184 H=0.263 evals=4
fa3e8ad8b2ace42fa4851ce487a77f15886761448c464090d2483c9e2deace0a,ring_2,2,1,1.0,1.0,0.0,2,{},{},{},,ola2_taxonomy_v1,UNKNOWN,R_mean_lastW=na|entropy_quality=na|memory_score_k10=na|phase_var_lastW=na,True,True,4,4,4,4,4,True,True,4,True,0,0,0.0,1.0,0.34733034760816317,0.07065845253947657,0.194366502364667,0.0032291381608343574,0.709141084095378,0.03594977505483442,0.9782907133625475,1.3295009799444482e-09,0.999992444083278,0.34733034760816317,0.07065845253947657,0.194366502364667,0.0032291381608343574,0.709141084095378,0.03594977505483442,0.9493051864274736,1,0.0,0.0,0.0,1.0,89.72496459225658,91.79439116778084,0.8100132373339938,0.06801179889204018,0.1219749599831833,8b01163002dfee6cc20e1c12024968fbc504b9335d39b30aee4e61805b6f461c,ola2_taxonomy_v1,False,UNKNOWN,FUNCTIONAL_LOCK,VIABLE,A,True,e6cea0161a90be88,ring_2:FUNCTIONAL_LOCK:R0_PE1_H2,R=0.709 PE=0.194 H=0.347 evals=4
e0f2669205ee1ed68fe79c0bfb77a9207d5d1158a94fd604b6be9fec2de74caa,ring_4,4,4,0.6666666666666666,2.0,0.0,2,{},{},{},,ola2_taxonomy_v1,UNKNOWN,R_mean_lastW=na|entropy_quality=na|memory_score_k10=na|phase_var_lastW=na,True,True,4,4,4,4,4,True,True,4,True,0,0,0.0,1.0,0.28797512691913885,0.16173644172910454,0.39534872288373046,0.0007905336084432181,0.5987957584008194,0.006632229736492619,0.8446125656862196,0.0002155960754366607,0.990864244441292,0.28797512691913885,0.16173644172910454,0.39534872288373046,0.0007905336084432181,0.5987957584008194,0.006632229736492619,0.9889240535801305,1,0.0,0.0,0.0,1.0,174.77219490049174,176.2044268420199,0.08868535423946142,0.868121474265412,0.043193171256620505,7db98bde850911830a39e4cf962e87eec226884b97ea1e764f3e57de4137ed9b,ola2_taxonomy_v1,False,UNKNOWN,FUNCTIONAL_LOCK,VIABLE,B,True,5168e9ac14ff0ba9,ring_4:FUNCTIONAL_LOCK:Roob_PE2_H1,R=0.599 PE=0.395 H=0.288 evals=4
e841c2fc471cc5df22448001a392a551ff5e2e16ab06a652fb2282579e03925a,ring_4,4,4,0.6666666666666666,2.0,0.0,2,{},{},{},,ola2_taxonomy_v1,UNKNOWN,R_mean_lastW=na|entropy_quality=na|memory_score_k10=na|phase_var_lastW=na,True,True,4,4,4,4,4,True,True,4,True,0,0,0.0,1.0,0.5281701370806885,0.01858413823217785,0.18719925454479588,0.0026295482102780573,0.5273561305012173,0.0800482278781599,0.8949954864783113,6.888481005450306e-05,0.9951192840435064,0.5281701370806885,0.01858413823217785,0.18719925454479588,0.0026295482102780573,0.5273561305012173,0.0800482278781599,0.8482084055757931,1,0.0,0.0,0.0,1.0,174.08095419342862,175.05607504560612,0.6708621052340781,0.03740142368216255,0.2917364688288377,0baac15934b465541bbf462207140abd3cf5784025d743ef34a14727eb939a8f,ola2_taxonomy_v1,False,UNKNOWN,FUNCTIONAL_LOCK,VIABLE,B,True,8761078724cdca43,ring_4:FUNCTIONAL_LOCK:Roob_PE1_H3,R=0.527 PE=0.187 H=0.528 evals=4
d00eff63b3e15a2dc796a88a7259664a5d0ecf73b25d9c531a32ceacbff8b26b,ladder_2,4,4,0.6666666666666666,2.0,0.0,2,{},{},{},,ola2_taxonomy_v1,UNKNOWN,R_mean_lastW=na|entropy_quality=na|memory_score_k10=na|phase_var_lastW=na,True,True,4,4,4,4,4,True,True,4,True,0,0,0.0,1.0,0.6858458121330252,0.17626572432422719,0.32360996903448314,0.000529437029951538,0.4970373980830952,0.0431278242383251,0.9830874036431777,2.1336155054121552e-06,0.9998656066598975,0.6858458121330252,0.17626572432422719,0.32360996903448314,0.000529437029951538,0.4970373980830952,0.0431278242383251,0.9132302229074623,1,0.0,0.0,0.0,1.0,174.53950607631123,176.144673246413,0.5008557626922246,0.37681304112109976,0.12233119446618054,cc87b635ce31641e7c763251acb874a9edef67caffa342ead9b2610f58f44758,ola2_taxonomy_v1,False,UNKNOWN,FUNCTIONAL_LOCK,VIABLE,B,True,c406389cacdb14b8,ladder_2:FUNCTIONAL_LOCK:Roob_PE2_H3,R=0.497 PE=0.324 H=0.686 evals=4
890c7a726e8960f0ff643d9826e82d5af4f5830c5e4c2d2eb7044f4a094c5bee,bipartite_2_2,4,4,0.6666666666666666,2.0,0.0,2,{},{},{},,ola2_taxonomy_v1,UNKNOWN,R_mean_lastW=na|entropy_quality=na|memory_score_k10=na|phase_var_lastW=na,True,True,4,4,4,4,4,True,True,4,True,0,0,0.0,1.0,0.4320711044441176,0.06628949038798561,0.19910925346420827,0.00784534136086393,0.502614837141275,0.024422516105664444,0.8626867855188267,0.0013699447177413758,0.9797024672906358,0.4320711044441176,0.06628949038798561,0.19910925346420827,0.00784534136086393,0.502614837141275,0.024422516105664444,0.9514090824604929,1,0.0,0.0,0.0,1.0,173.64002257073298,174.82085248669608,0.7678773765418805,0.018266045494570234,0.21385657530361668,3e4d88de6a2e5bbfcd4d5ed8971329b0b0b57e3a0a588aa411ff86b11647fc0c,ola2_taxonomy_v1,False,UNKNOWN,FUNCTIONAL_LOCK,VIABLE,B,True,4ef0dcd6551f417e,bipartite_2_2:FUNCTIONAL_LOCK:Roob_PE1_H2,R=0.503 PE=0.199 H=0.432 evals=4
afc340d5a4f23ff5f017d8a921a403c7d6d20c87497956fbbf9705d9906d7670,ring_2,2,1,1.0,1.0,0.0,2,{},{},{},,ola2_taxonomy_v1,UNKNOWN,R_mean_lastW=na|entropy_quality=na|memory_score_k10=na|phase_var_lastW=na,True,True,4,4,4,4,4,True,True,4,True,0,0,0.0,1.0,0.5140682894429058,0.08496397768230306,0.3144193427454604,0.0018184415453336975,0.6436718705502831,0.013367002637581175,0.9873443486306682,2.924715557908673e-08,0.9999728656194208,0.5140682894429058,0.08496397768230306,0.3144193427454604,0.0018184415453336975,0.6436718705502831,0.013367002637581175,0.9792332036723097,1,0.0,0.0,0.0,1.0,90.02155732479878,91.37954545411048,0.6190035469952919,0.30958860863727966,0.07140783558314975,9c9b5128d109169d98c62e35c1b6e3f63149824caff9365c1fb16290292954e3,ola2_taxonomy_v1,False,UNKNOWN,FUNCTIONAL_LOCK,VIABLE,A,True,ff5438f2dfdb3265,ring_2:FUNCTIONAL_LOCK:Roob_PE2_H3,R=0.644 PE=0.314 H=0.514 evals=4
6a7a3043784c24a45dde89419b24716c2a8980da117e26c4ddf09d54760cc382,ring_2,2,1,1.0,1.0,0.0,2,{},{},{},,ola2_taxonomy_v1,UNKNOWN,R_mean_lastW=na|entropy_quality=na|memory_score_k10=na|phase_var_lastW=na,True,True,4,4,4,4,4,True,True,4,True,0,0,0.0,1.0,0.5079982156018389,0.029087940417719657,0.3459692030798056,0.02519653028646418,0.6979137670628967,0.03599410275740721,0.9961241837699978,2.5683482223700902e-08,0.9999859120815762,0.5079982156018389,0.029087940417719657,0.3459692030798056,0.02519653028646418,0.6979137670628967,0.03599410275740721,0.9271711757515826,1,0.0,0.0,0.0,1.0,90.07087652024347,90.96938082377892,0.7094789562851205,0.19223896607897015,0.09828207367032846,f0c99fb5fd17751058c7a6686d29a8da12ce414692b7019eeef72c5444ca323f,ola2_taxonomy_v1,False,UNKNOWN,FUNCTIONAL_LOCK,VIABLE,A,True,ff5438f2dfdb3265,ring_2:FUNCTIONAL_LOCK:Roob_PE2_H3,R=0.698 PE=0.346 H=0.508 evals=4
de282e7c1761372e0ff3181281b8ea0221f20b03b720188a16245301f7f1a359,ring_2,2,1,1.0,1.0,0.0,2,{},{},{},,ola2_taxonomy_v1,UNKNOWN,R_mean_lastW=na|entropy_quality=na|memory_score_k10=na|phase_var_lastW=na,True,True,4,4,4,4,4,True,True,4,True,0,0,0.0,1.0,0.45940981177905754,0.07915303074430291,0.20076082479943297,0.0032822223108488918,0.6881377763662128,0.020174513032664668,0.999036814630559,1.2796853964644278e-11,0.9999998430299261,0.45940981177905754,0.07915303074430291,0.20076082479943297,0.0032822223108488918,0.6881377763662128,0.020174513032664668,0.9706824509196423,1,0.0,0.0,0.0,1.0,85.4239061132539,87.06474180319347,0.70145565848989,0.04988687033132225,0.2486574595459745,d13e35908eda9f0034a082edd7ef1756a3f5a57ce313e63fd6f4a15ceaa62bd7,ola2_taxonomy_v1,False,UNKNOWN,FUNCTIONAL_LOCK,VIABLE,A,True,e1610169dc4e68ad,ring_2:FUNCTIONAL_LOCK:Roob_PE2_H2,R=0.688 PE=0.201 H=0.459 evals=4
9f5a492040a2e5b61f872c0bbf444c4a232ab8ee7d83d510874f8cf3a82f15be,ring_2,2,1,1.0,1.0,0.0,2,{},{},{},,ola2_taxonomy_v1,UNKNOWN,R_mean_lastW=na|entropy_quality=na|memory_score_k10=na|phase_var_lastW=na,True,True,4,4,4,4,4,True,True,4,True,0,0,0.0,1.0,0.39739076831765996,0.08050226495286633,0.40998237844454216,0.15941052340355982,0.686534350864157,0.01599932736541257,0.9697295308091596,1.7008784432708906e-08,0.99996815944055,0.39739076831765996,0.08050226495286633,0.40998237844454216,0.15941052340355982,0.686534350864157,0.01599932736541257,0.6111771339823009,1,0.0,0.0,0.0,1.0,90.51371997356182,91.24885834398447,0.5933830616546609,0.017187195215254403,0.38942974010387477,96f47421c3fdfbff18a981fb40689425bf27b28183e0390896205274166b2b60,ola2_taxonomy_v1,False,UNKNOWN,FUNCTIONAL_LOCK,VIABLE,A,True,e8405dfb32b95fbf,ring_2:FUNCTIONAL_LOCK:Roob_PE3_H2,R=0.687 PE=0.410 H=0.397 evals=4
d8617433d488383c373e99a7463424e2d8c10d1f59e659826b158444f674b41b,ring_2,2,1,1.0,1.0,0.0,2,{},{},{},,ola2_taxonomy_v1,UNKNOWN,R_mean_lastW=na|entropy_quality=na|memory_score_k10=na|phase_var_lastW=na,True,True,4,4,4,4,4,True,True,4,True,0,0,0.0,1.0,0.5212408503995289,0.11813318462358842,0.2984131709531908,0.0849944276833803,0.7087268696652389,0.02412288815624733,0.9607867954257341,1.7098661849964472e-10,0.9999963741326272,0.5212408503995289,0.11813318462358842,0.2984131709531908,0.0849944276833803,0.7087268696652389,0.02412288815624733,0.7151786986750912,1,0.0,0.0,0.0,1.0,89.86295231082477,91.8312684224802,0.675289396320404,0.14508542743953803,0.17962517257810756,c584bfc22d307ae34fa879e70e10c3097c7bb6e3310790e98c96331d61cb6869,ola2_taxonomy_v1,False,UNKNOWN,FUNCTIONAL_LOCK,VIABLE,A,True,139c4319dd42d899,ring_2:FUNCTIONAL_LOCK:R0_PE2_H3,R=0.709 PE=0.298 H=0.521 evals=4
1833f13146865de289bf409050d75670fbc9a447fd99b6d793f42d80996bdf59,ring_2,2,1,1.0,1.0,0.0,2,{},{},{},,ola2_taxonomy_v1,UNKNOWN,R_mean_lastW=na|entropy_quality=na|memory_score_k10=na|phase_var_lastW=na,True,True,4,4,4,4,4,True,True,4,True,0,0,0.0,1.0,0.46861462038871926,0.15372612958960824,0.3523451183720206,0.001261127021270477,0.6664331289260804,0.006069005554621243,0.9811891871747509,1.4756532849984886e-10,0.9999976549111406,0.46861462038871926,0.15372612958960824,0.3523451183720206,0.001261127021270477,0.6664331289260804,0.006069005554621243,0.9908933015313913,1,0.0,0.0,0.0,1.0,90.35578155895928,90.90423420192674,0.22185447074562525,0.6170737164556991,0.1610718113570861,e9d77a8c8938c27278038ec65e5aa5bbd7d8110e51f06d803c60304849fb5dd0,ola2_taxonomy_v1,False,UNKNOWN,FUNCTIONAL_LOCK,VIABLE,A,True,e1610169dc4e68ad,ring_2:FUNCTIONAL_LOCK:Roob_PE2_H2,R=0.666 PE=0.352 H=0.469 evals=4
533ffcbd1716166c1bfeb3f00e542650cbb109266be3a98f7591c93f756f5678,ladder_2,4,4,0.6666666666666666,2.0,0.0,2,{},{},{},,ola2_taxonomy_v1,UNKNOWN,R_mean_lastW=na|entropy_quality=na|memory_score_k10=na|phase_var_lastW=na,True,True,4,4,4,4,4,True,True,4,True,0,0,0.0,1.0,0.3868314581882259,0.11777865949570394,0.20999012844204074,0.006063072214253677,0.5452066096148951,0.01276286911254166,0.974110566887775,0.00016745737764501368,0.9969854383798908,0.3868314581882259,0.11777865949570394,0.20999012844204074,0.006063072214253677,0.5452066096148951,0.01276286911254166,0.9711268702998715,1,0.0,0.0,0.0,1.0,173.60506912745768,174.19749036603608,0.8064546863704556,0.043523867018449666,0.15002144275804882,d2ff05cc070849ceca74dde06e1b852ad5b4501c961e66c43a77a63205d15d26,ola2_taxonomy_v1,False,UNKNOWN,FUNCTIONAL_LOCK,VIABLE,B,True,19db2fb32bed7851,ladder_2:FUNCTIONAL_LOCK:Roob_PE2_H2,R=0.545 PE=0.210 H=0.387 evals=4
9d078470f38af03eb0045d00031b2e29916e96f077ac5c08bad0243289aef43c,ring_2,2,1,1.0,1.0,0.0,2,{},{},{},,ola2_taxonomy_v1,UNKNOWN,R_mean_lastW=na|entropy_quality=na|memory_score_k10=na|phase_var_lastW=na,True,True,4,4,4,4,4,True,True,4,True,0,0,0.0,1.0,0.3731843782023605,0.15021699668670818,0.19466968871495618,0.006916885431961479,0.6206862538532293,0.02662998215802425,0.9995016698168929,2.0555401295295938e-12,0.9999999547433305,0.3731843782023605,0.15021699668670818,0.19466968871495618,0.006916885431961479,0.6206862538532293,0.02662998215802425,0.9570959047462306,1,0.0,0.0,0.0,1.0,78.7897025689017,80.13861404649215,0.8082187806356015,0.009623386747264115,0.18215783025174614,a15f979ea4d1ca7289bf7467bd0832dd412fe4c4e4cea14df91a7a040a7661f8,ola2_taxonomy_v1,False,UNKNOWN,FUNCTIONAL_LOCK,VIABLE,A,True,3a4d99d5b841605f,ring_2:FUNCTIONAL_LOCK:Roob_PE1_H2,R=0.621 PE=0.195 H=0.373 evals=4
bd29d5013793772a6e1603e36ff7222a4204c571d270a9f5f098d0ea3edb5d10,ring_2,2,1,1.0,1.0,0.0,2,{},{},{},,ola2_taxonomy_v1,UNKNOWN,R_mean_lastW=na|entropy_quality=na|memory_score_k10=na|phase_var_lastW=na,True,True,4,4,4,4,4,True,True,4,True,0,0,0.0,1.0,0.38518759367279565,0.054926354298421784,0.18719173632373448,0.0033804995866596236,0.6562254688157187,0.05202645198360801,0.9999761963391064,7.963740181305613e-09,0.9999993869350866,0.38518759367279565,0.054926354298421784,0.18719173632373448,0.0033804995866596236,0.6562254688157187,0.05202645198360801,0.9207186333723081,1,0.0,0.0,0.0,1.0,78.72213639004622,79.62520365000236,0.7721164067334061,0.017893586576817062,0.209990001276629,012fa6154f9637cdbeaaeb6b6307c4a4e68be9faa25b41b6f13d6a8b4e10f3f5,ola2_taxonomy_v1,False,UNKNOWN,FUNCTIONAL_LOCK,VIABLE,A,True,3a4d99d5b841605f,ring_2:FUNCTIONAL_LOCK:Roob_PE1_H2,R=0.656 PE=0.187 H=0.385 evals=4
09e120d04bfd8e429f73f458704e1151844c146a61d2bc4a0bbc4d74187b681f,ring_3,3,3,1.0,2.0,0.0,2,{},{},{},,ola2_taxonomy_v1,UNKNOWN,R_mean_lastW=na|entropy_quality=na|memory_score_k10=na|phase_var_lastW=na,True,True,4,4,4,4,4,True,True,4,True,0,0,0.0,1.0,0.4131577868615976,0.10546208690337723,0.20494726751119374,0.014498467551610529,0.5793423904684241,0.07184349121600431,0.790743116612043,0.010422196977641301,0.9310532858118394,0.4131577868615976,0.10546208690337723,0.20494726751119374,0.014498467551610529,0.5793423904684241,0.07184349121600431,0.875991309460515,1,0.0,0.0,0.0,1.0,133.6580897050444,134.20242736623624,0.7663348979493739,0.021612496453394428,0.21205260330226733,276709464b25f348857f39de17abbeef93d8c8fef2a4229313659ff61ea91a96,ola2_taxonomy_v1,False,UNKNOWN,FUNCTIONAL_LOCK,VIABLE,B,True,6357695ae876ac33,ring_3:FUNCTIONAL_LOCK:Roob_PE2_H2,R=0.579 PE=0.205 H=0.413 evals=4
2112fab71bf3234220236cf269d805ed51253f2311278c3bb8c82bfa2602d155,ring_2,2,1,1.0,1.0,0.0,2,{},{},{},,ola2_taxonomy_v1,UNKNOWN,R_mean_lastW=na|entropy_quality=na|memory_score_k10=na|phase_var_lastW=na,True,True,4,4,4,4,4,True,True,4,True,0,0,0.0,1.0,0.37162641788439765,0.10619466010389766,0.20601432033023875,0.015700478145721914,0.7169639682733348,0.05282774568488585,0.9956101993299845,2.669424450744558e-10,0.9999984708939369,0.37162641788439765,0.10619466010389766,0.20601432033023875,0.015700478145721914,0.7169639682733348,0.05282774568488585,0.9237893845410639,1,0.0,0.0,0.0,1.0,89.5210723268101,90.40455824313685,0.81963565851911,0.03120860909632582,0.14915572732638072,4640f7189b1e9390a95d367f0a871957942f9b1040f90aebe3093fdb297dedc4,ola2_taxonomy_v1,False,UNKNOWN,FUNCTIONAL_LOCK,VIABLE,A,True,29a6648d414db444,ring_2:FUNCTIONAL_LOCK:R0_PE2_H2,R=0.717 PE=0.206 H=0.372 evals=4
d6ccffd1a17e217d4b0269f6d4e438cde968107750f4845e34d55ac1bd1bedf0,ring_2,2,1,1.0,1.0,0.0,2,{},{},{},,ola2_taxonomy_v1,UNKNOWN,R_mean_lastW=na|entropy_quality=na|memory_score_k10=na|phase_var_lastW=na,True,True,4,4,4,4,4,True,True,4,True,0,0,0.0,1.0,0.5412052732062639,0.10506225202727679,0.2623542445603917,0.06044595541760647,0.5844398550960248,0.056351188169539164,0.9868102804593555,9.185081496059042e-11,0.9999984485539067,0.5412052732062639,0.10506225202727679,0.2623542445603917,0.06044595541760647,0.5844398550960248,0.056351188169539164,0.769601762994567,1,0.0,0.0,0.0,1.0,89.36998271080665,90.85932257460664,0.6534172501035359,0.18975018617867154,0.15683256025325393,73d76d80bc658b85edbeff65d83fa782671003eaadc58b1445842869ff0a32e8,ola2_taxonomy_v1,False,UNKNOWN,FUNCTIONAL_LOCK,VIABLE,B,True,ff5438f2dfdb3265,ring_2:FUNCTIONAL_LOCK:Roob_PE2_H3,R=0.584 PE=0.262 H=0.541 evals=4
6b3087b6fa258b7ff9927f7049b1c26f6ee967d44ad501861c029146f7938520,ring_3,3,3,1.0,2.0,0.0,2,{},{},{},,ola2_taxonomy_v1,UNKNOWN,R_mean_lastW=na|entropy_quality=na|memory_score_k10=na|phase_var_lastW=na,True,True,4,4,4,4,4,True,True,4,True,0,0,0.0,1.0,0.5066081812313329,0.0950337174972593,0.2235395537111725,0.008058609660446423,0.5725188553477878,0.044518718312064345,0.9642188941643764,0.000510243950139986,0.9935352968687131,0.5066081812313329,0.0950337174972593,0.2235395537111725,0.008058609660446423,0.5725188553477878,0.044518718312064345,0.9222406076302577,1,0.0,0.0,0.0,1.0,134.98442626046017,138.00797365197212,0.7385286178440422,0.1077092019747661,0.15376217803010933,7b07cd148a9defb4f9b9c448bb8da162cd87f842126b90785871bae9c7eadc53,ola2_taxonomy_v1,False,UNKNOWN,FUNCTIONAL_LOCK,VIABLE,B,True,0da0683c4b5c61df,ring_3:FUNCTIONAL_LOCK:Roob_PE2_H3,R=0.573 PE=0.224 H=0.507 evals=4
64f7b9b1131af6e8bba89604cd0b6efee09a2b3325922b61d2af05af38244c50,ring_3,3,3,1.0,2.0,0.0,2,{},{},{},,ola2_taxonomy_v1,UNKNOWN,R_mean_lastW=na|entropy_quality=na|memory_score_k10=na|phase_var_lastW=na,True,True,4,4,4,4,4,True,True,4,True,0,0,0.0,1.0,0.3484762877612925,0.06974318045523291,0.2194874782914373,0.0012354761948125397,0.6110384909615134,0.041207548396532304,0.9330006634450851,0.0003697077437438263,0.9920202744153892,0.3484762877612925,0.06974318045523291,0.2194874782914373,0.0012354761948125397,0.6110384909615134,0.041207548396532304,0.932561452337169,1,0.0,0.0,0.0,1.0,133.5141854060348,134.0575501168496,0.8220121127280292,0.05372586222721642,0.12426202260919407,8526f298196b82a0139a092bd3bd15feb2e2d53adae30cc6e906a1fccb081ca2,ola2_taxonomy_v1,False,UNKNOWN,FUNCTIONAL_LOCK,VIABLE,A,True,6357695ae876ac33,ring_3:FUNCTIONAL_LOCK:Roob_PE2_H2,R=0.611 PE=0.219 H=0.348 evals=4
629273f3d5e20a2521669a69c7939ae2f69886e8ba4fdeb5a7933c0b659e998e,ring_2,2,1,1.0,1.0,0.0,2,{},{},{},,ola2_taxonomy_v1,UNKNOWN,R_mean_lastW=na|entropy_quality=na|memory_score_k10=na|phase_var_lastW=na,True,True,4,4,4,4,4,True,True,4,True,0,0,0.0,1.0,0.2516106781575058,0.027991867652318706,0.1858206128756768,0.0006195543731131534,0.6251090995801671,0.09466122265337179,0.9467643073754526,3.5567438732047397e-10,0.9999939286595506,0.2516106781575058,0.027991867652318706,0.1858206128756768,0.0006195543731131534,0.6251090995801671,0.09466122265337179,0.8485684775394444,1,0.0,0.0,0.0,1.0,89.55365629598964,90.26845296029933,0.8610827321083709,0.017711239992042428,0.12120602062059165,5e7b706f9dab7b0e074413f4f864b7e94a2ca51aa062e1bff657552367b4b594,ola2_taxonomy_v1,False,UNKNOWN,FUNCTIONAL_LOCK,VIABLE,A,True,631d30bc180a91a7,ring_2:FUNCTIONAL_LOCK:Roob_PE1_H1,R=0.625 PE=0.186 H=0.252 evals=4
52e20ca041165302a55360cf685112053bb0a4df925b972a7b900ad8f915652a,ring_2,2,1,1.0,1.0,0.0,2,{},{},{},,ola2_taxonomy_v1,UNKNOWN,R_mean_lastW=na|entropy_quality=na|memory_score_k10=na|phase_var_lastW=na,True,True,4,4,4,4,4,True,True,4,True,0,0,0.0,1.0,0.29154367975040074,0.008707478099636567,0.19322742689124983,0.00685930273826456,0.6948129766317391,0.026444071377962116,0.9988394232863234,3.752171738082898e-12,0.9999999067030616,0.29154367975040074,0.008707478099636567,0.19322742689124983,0.00685930273826456,0.6948129766317391,0.026444071377962116,0.9619407347482835,1,0.0,0.0,0.0,1.0,84.53205218631774,85.59298564393539,0.8108658374048882,0.004642650855865758,0.18449150381690266,eb43c5323a5b13f4dd1924fdacef7e77a2dcc6e7d878c6f3d8ef4654ade0c90b,ola2_taxonomy_v1,False,UNKNOWN,FUNCTIONAL_LOCK,VIABLE,A,True,631d30bc180a91a7,ring_2:FUNCTIONAL_LOCK:Roob_PE1_H1,R=0.695 PE=0.193 H=0.292 evals=4
1c24ef2d255c5b4fcb22e3d1c73f20d619e2d73d3cf206aa4c28e2c25ec7b14d,ring_4,4,4,0.6666666666666666,2.0,0.0,2,{},{},{},,ola2_taxonomy_v1,UNKNOWN,R_mean_lastW=na|entropy_quality=na|memory_score_k10=na|phase_var_lastW=na,True,True,4,4,4,4,4,True,True,4,True,0,0,0.0,1.0,0.3980251669310444,0.04121278684184719,0.19994857871809418,0.010835134647461957,0.4754224044468469,0.08832260100822266,0.9851634514828084,1.2392559210942573e-05,0.9995199941241919,0.3980251669310444,0.04121278684184719,0.19994857871809418,0.010835134647461957,0.4754224044468469,0.08832260100822266,0.8142228885679339,1,0.0,0.0,0.0,1.0,176.8080878580804,181.54564215373247,0.7863792159728378,0.0037136312167328255,0.20990715139982496,4a0b87d78377515e00d933ab04f918e8616266dff86c89b9870f597b58b44173,ola2_taxonomy_v1,False,UNKNOWN,FUNCTIONAL_LOCK,VIABLE,B,True,d738d5cef90d6aa4,ring_4:FUNCTIONAL_LOCK:Roob_PE1_H2,R=0.475 PE=0.200 H=0.398 evals=4
2c39e20736f916da8edf00408695d9f609f93f816b2817b3ae55eb3dcf04257c,ring_2,2,1,1.0,1.0,0.0,2,{},{},{},,ola2_taxonomy_v1,UNKNOWN,R_mean_lastW=na|entropy_quality=na|memory_score_k10=na|phase_var_lastW=na,True,True,4,4,4,4,4,True,True,4,True,0,0,0.0,1.0,0.4157165851080699,0.08853869164744772,0.21254131588131023,0.029966215394620733,0.6770924452753728,0.036413188241249735,0.9432328347908671,1.197456014374272e-08,0.9999636592071929,0.4157165851080699,0.08853869164744772,0.21254131588131023,0.029966215394620733,0.6770924452753728,0.036413188241249735,0.8590099281621328,1,0.0,0.0,0.0,1.0,88.32277158997022,88.92237554058666,0.762844523120935,0.03256804182809986,0.2045874320930729,6abc719eee32b22bf3040dd22d7d53fec5604b0b7574f99893ec69576c81972a,ola2_taxonomy_v1,False,UNKNOWN,FUNCTIONAL_LOCK,VIABLE,A,True,e1610169dc4e68ad,ring_2:FUNCTIONAL_LOCK:Roob_PE2_H2,R=0.677 PE=0.213 H=0.416 evals=4
6ab42914675e11989322e75f5b4e81522c97de286a64574a00ac168579f1e767,ring_2,2,1,1.0,1.0,0.0,2,{},{},{},,ola2_taxonomy_v1,UNKNOWN,R_mean_lastW=na|entropy_quality=na|memory_score_k10=na|phase_var_lastW=na,True,True,4,4,4,4,4,True,True,4,True,0,0,0.0,1.0,0.3997745250455983,0.04364311881554726,0.20309254539281196,0.0014200412484302286,0.6067491632661934,0.07982412857299567,0.9940306963908309,2.3515390370265052e-08,0.9999832614978736,0.3997745250455983,0.04364311881554726,0.20309254539281196,0.0014200412484302286,0.6067491632661934,0.07982412857299567,0.8684396561121005,1,0.0,0.0,0.0,1.0,89.02793906646548,89.94891315076966,0.8130121812368737,0.020965450028234908,0.16602236476293317,6e4b6197d3375cee757b1b2aebe9a310676a9bb3da4275e7cde09798c7e9ec51,ola2_taxonomy_v1,False,UNKNOWN,FUNCTIONAL_LOCK,VIABLE,A,True,e1610169dc4e68ad,ring_2:FUNCTIONAL_LOCK:Roob_PE2_H2,R=0.607 PE=0.203 H=0.400 evals=4
f0dcf8fb17b82e9d4dcc068a15c84e0ce866726c391e2f4f3e693cfce6d54f7b,ring_3,3,3,1.0,2.0,0.0,2,{},{},{},,ola2_taxonomy_v1,UNKNOWN,R_mean_lastW=na|entropy_quality=na|memory_score_k10=na|phase_var_lastW=na,True,True,4,4,4,4,4,True,True,4,True,0,0,0.0,1.0,0.4612029293964407,0.13627475363826067,0.20537625799001025,0.007899393789085383,0.5602144141878296,0.07361457581828977,0.8946044014962683,3.799378182317597e-06,0.9990126956472322,0.4612029293964407,0.13627475363826067,0.20537625799001025,0.007899393789085383,0.5602144141878296,0.07361457581828977,0.8685957127236499,1,0.0,0.0,0.0,1.0,135.02524592808913,136.09303227600176,0.7139540714413164,0.0369706440081285,0.24907528226858985,069f4daaa69578f3997f524847b6bbf98d7ddd321fd8a7f978dfd95f5910354c,ola2_taxonomy_v1,False,UNKNOWN,FUNCTIONAL_LOCK,VIABLE,B,True,6357695ae876ac33,ring_3:FUNCTIONAL_LOCK:Roob_PE2_H2,R=0.560 PE=0.205 H=0.461 evals=4
17fe0c875fe2d2972bca301e153fec6b3f0d02e35e98666f6e07a0684926e781,ring_2,2,1,1.0,1.0,0.0,2,{},{},{},,ola2_taxonomy_v1,UNKNOWN,R_mean_lastW=na|entropy_quality=na|memory_score_k10=na|phase_var_lastW=na,True,True,4,4,4,4,4,True,True,4,True,0,0,0.0,1.0,0.3801594127135039,0.0897588388091565,0.19421987400873272,0.0007090020271478064,0.6421016649386522,0.11723429356657031,0.9842873258335053,6.542946660050104e-09,0.9999857192857738,0.3801594127135039,0.0897588388091565,0.19421987400873272,0.0007090020271478064,0.6421016649386522,0.11723429356657031,0.817420978689144,1,0.0,0.0,0.0,1.0,92.20795888616703,95.24689275023994,0.8095308183577031,0.03268250738031027,0.15778666835395855,b38b57ab1557b249950cc208d8a9f195f86d86895ca0b5c2c2dd44dd6fc0133d,ola2_taxonomy_v1,False,UNKNOWN,FUNCTIONAL_LOCK,VIABLE,A,True,3a4d99d5b841605f,ring_2:FUNCTIONAL_LOCK:Roob_PE1_H2,R=0.642 PE=0.194 H=0.380 evals=4
5ecc959e49365a3b9a5f1c24de9731ed76ffdb0abc827205bb14e832245470dd,ring_2,2,1,1.0,1.0,0.0,2,{},{},{},,ola2_taxonomy_v1,UNKNOWN,R_mean_lastW=na|entropy_quality=na|memory_score_k10=na|phase_var_lastW=na,True,True,4,4,4,4,4,True,True,4,True,0,0,0.0,1.0,0.4168510019287847,0.12759778817814713,0.20187641152656374,0.0019687868850583852,0.6087529899313213,0.07188569136841096,0.9791371125922399,7.555333893078327e-13,0.9999998233752964,0.4168510019287847,0.12759778817814713,0.20187641152656374,0.0019687868850583852,0.6087529899313213,0.07188569136841096,0.881913201976189,1,0.0,0.0,0.0,1.0,90.00669891398866,91.0693579073646,0.7570260554353317,0.007582703930506014,0.23539123718849608,7b478888144e0520c1f63d5f6002de4bbcd80300fa79c5f0ba354352eced4066,ola2_taxonomy_v1,False,UNKNOWN,FUNCTIONAL_LOCK,VIABLE,A,True,e1610169dc4e68ad,ring_2:FUNCTIONAL_LOCK:Roob_PE2_H2,R=0.609 PE=0.202 H=0.417 evals=4
55ade532f6aa2a0285c37c2f336c7b4f46e56c1dcd39c9a85aca938f870dad25,ring_2,2,1,1.0,1.0,0.0,2,{},{},{},,ola2_taxonomy_v1,UNKNOWN,R_mean_lastW=na|entropy_quality=na|memory_score_k10=na|phase_var_lastW=na,True,True,4,4,4,4,4,True,True,4,True,0,0,0.0,1.0,0.49188889328026447,0.10800846512682895,0.23783423198107195,0.036299038257540384,0.6947463286418856,0.08684995011630875,0.9286857807469954,1.6421433770917494e-09,0.9999849712758498,0.49188889328026447,0.10800846512682895,0.23783423198107195,0.036299038257540384,0.6947463286418856,0.08684995011630875,0.8473767297702156,1,0.0,0.0,0.0,1.0,88.15024238976184,89.45069326543016,0.6472855366080107,0.17318834988672216,0.17952610914429473,c73b333c53aa98ecf7ee0009d7a0caae85ed42b2ba95767958eed984973c5c48,ola2_taxonomy_v1,False,UNKNOWN,FUNCTIONAL_LOCK,VIABLE,A,True,e1610169dc4e68ad,ring_2:FUNCTIONAL_LOCK:Roob_PE2_H2,R=0.695 PE=0.238 H=0.492 evals=4
e4f0c77bf72fb39c027e5f1f620f21cb301eb9574275d1b89eeb1cc8586b772f,complete_4,4,6,1.0,3.0,0.0,2,{},{},{},,ola2_taxonomy_v1,UNKNOWN,R_mean_lastW=na|entropy_quality=na|memory_score_k10=na|phase_var_lastW=na,True,True,4,4,4,4,4,True,True,4,True,0,0,0.0,1.0,0.4381771320121325,0.08529504316137825,0.20518176083607606,0.005768277696694459,0.485933554070388,0.0295223413172722,0.8254508415693804,5.038195907938473e-05,0.9953271631428792,0.4381771320121325,0.08529504316137825,0.20518176083607606,0.005768277696694459,0.485933554070388,0.0295223413172722,0.9392461354644469,1,0.0,0.0,0.0,1.0,178.683003878803,179.47127849231475,0.7387547461451871,0.010327734162203147,0.250917518460593,57ad0270f87578fa6aee93f9862f69788905dede14301459c0e7f1a8f1b1cb56,ola2_taxonomy_v1,False,UNKNOWN,FUNCTIONAL_LOCK,VIABLE,B,True,88649e81af49a513,complete_4:FUNCTIONAL_LOCK:Roob_PE2_H2,R=0.486 PE=0.205 H=0.438 evals=4
c970ef0a6fa7d14cfcd6def43d6e474acdf3c7146c7a1161f991e786d10f6d9c,ring_5,5,5,0.5,2.0,0.0,2,{},{},{},,ola2_taxonomy_v1,UNKNOWN,R_mean_lastW=na|entropy_quality=na|memory_score_k10=na|phase_var_lastW=na,True,True,4,4,4,4,4,True,True,4,True,0,0,0.0,1.0,0.29020159958486347,0.031058094742269393,0.18856990275981284,0.003528560965498837,0.5023068416682541,0.0727693088356648,0.8635666384041945,0.0002436299898883884,0.9931961815214468,0.29020159958486347,0.031058094742269393,0.18856990275981284,0.003528560965498837,0.5023068416682541,0.0727693088356648,0.8551297677053642,1,0.0,0.0,0.0,1.0,214.82368607696844,216.34551180799025,0.8405843554654457,0.014970482292521544,0.1444451602229748,10f37dfc2bdb02e2d5e8afbc24d3eed096ddc9bf743036f6cd1f61b2dc02e3e4,ola2_taxonomy_v1,False,UNKNOWN,FUNCTIONAL_LOCK,VIABLE,B,True,4e0628c2485ecd4d,ring_5:FUNCTIONAL_LOCK:Roob_PE1_H1,R=0.502 PE=0.189 H=0.290 evals=4
e0a2c405fc62607e637e3f677fa9461609d0b69885093c1b04eb8353b9bd8098,complete_4,4,6,1.0,3.0,0.0,2,{},{},{},,ola2_taxonomy_v1,UNKNOWN,R_mean_lastW=na|entropy_quality=na|memory_score_k10=na|phase_var_lastW=na,True,True,4,4,4,4,4,True,True,4,True,0,0,0.0,1.0,0.5928489522052808,0.14574990507637464,0.2451429859444446,0.00042141785560819133,0.5600293327331225,0.03291235602258095,0.7512991499544294,0.005768007618794654,0.9471242960747637,0.5928489522052808,0.14574990507637464,0.2451429859444446,0.00042141785560819133,0.5600293327331225,0.03291235602258095,0.9412310139864315,1,0.0,0.0,0.0,1.0,120.52963121829089,158.23339811520418,0.4611395469536973,0.4522551328836248,0.0866053190153254,4a5be2d5790c9868e8bdc819bfd8c3c3712698fb66bcbf8ff8d0ba97a727530a,ola2_taxonomy_v1,False,UNKNOWN,FUNCTIONAL_LOCK,VIABLE,B,True,340262789e51cbcb,complete_4:FUNCTIONAL_LOCK:Roob_PE2_H3,R=0.560 PE=0.245 H=0.593 evals=4
88813f667f89a9c4dd51fa57647bea4d7e1c453703626191cf9e1a1e9c243cba,ring_2,2,1,1.0,1.0,0.0,2,{},{},{},,ola2_taxonomy_v1,UNKNOWN,R_mean_lastW=na|entropy_quality=na|memory_score_k10=na|phase_var_lastW=na,True,True,4,4,4,4,4,True,True,4,True,0,0,0.0,1.0,0.49415446103484495,0.06397352379429617,0.18457103680422302,0.0019614287808478563,0.6581629766534787,0.08589113414396687,0.9758308482015925,5.814524478927755e-09,0.9999833390194164,0.49415446103484495,0.06397352379429617,0.18457103680422302,0.0019614287808478563,0.6581629766534787,0.08589113414396687,0.86949868468644,1,0.0,0.0,0.0,1.0,89.2003966284683,89.83277086373418,0.6701993182397332,0.005621628024439411,0.32417904552789767,f12a3fac8c4ab3d2647fb759a400816fd020d2c9f3386e554fceedb1ccdb16e0,ola2_taxonomy_v1,False,UNKNOWN,FUNCTIONAL_LOCK,VIABLE,A,True,3a4d99d5b841605f,ring_2:FUNCTIONAL_LOCK:Roob_PE1_H2,R=0.658 PE=0.185 H=0.494 evals=4
bed1245829772efc2f03ef31feffb81b2f8ab45d7a2b4eac8c6ef912a0045917,ring_3,3,3,1.0,2.0,0.0,2,{},{},{},,ola2_taxonomy_v1,UNKNOWN,R_mean_lastW=na|entropy_quality=na|memory_score_k10=na|phase_var_lastW=na,True,True,4,4,4,4,4,True,True,4,True,0,0,0.0,1.0,0.41121275690673514,0.230090407687989,0.4254388682228955,0.12870889234386174,0.5633463756193547,0.02972941246000174,0.9497085371854799,2.8209982594003215e-08,0.9999411039559936,0.41121275690673514,0.230090407687989,0.4254388682228955,0.12870889234386174,0.5633463756193547,0.02972941246000174,0.6974679514321462,1,0.0,0.0,0.0,1.0,132.32106857950566,132.95447075698758,0.33852555991300154,0.026478059023464524,0.6349963799199875,51107e35e72a4d0ebb409ccc41236f3ad2c92c265c4e5e14a78b476b58712136,ola2_taxonomy_v1,False,UNKNOWN,FUNCTIONAL_LOCK,VIABLE,B,True,ccd63f5a309c9825,ring_3:FUNCTIONAL_LOCK:Roob_PE3_H2,R=0.563 PE=0.425 H=0.411 evals=4
51bc344f94fd6f0504400d80256b8298efb4fadfc3bcb36a73a3b85341bfe419,ring_2,2,1,1.0,1.0,0.0,2,{},{},{},,ola2_taxonomy_v1,UNKNOWN,R_mean_lastW=na|entropy_quality=na|memory_score_k10=na|phase_var_lastW=na,True,True,4,4,4,4,4,True,True,4,True,0,0,0.0,1.0,0.3948114768215755,0.19343183537842865,0.2769646771682371,0.0005385341478494851,0.6858200776226855,0.009699313639513214,0.8928582087429278,5.445361523780038e-09,0.9999667695858353,0.3948114768215755,0.19343183537842865,0.2769646771682371,0.0005385341478494851,0.6858200776226855,0.009699313639513214,0.9858573495352677,1,0.0,0.0,0.0,1.0,90.16346422978677,90.83152109795483,0.16566809742033237,0.6990044561075934,0.1353274450202307,413150f17e384d802b219d438f33ab84260f0ffebf4edd57bc9070f6642006c0,ola2_taxonomy_v1,False,UNKNOWN,FUNCTIONAL_LOCK,VIABLE,A,True,e1610169dc4e68ad,ring_2:FUNCTIONAL_LOCK:Roob_PE2_H2,R=0.686 PE=0.277 H=0.395 evals=4
5c888cd097532cc25bcbf516c1625fe2147d4723a4c4057ebd9e6937fdc63b43,ring_2,2,1,1.0,1.0,0.0,2,{},{},{},,ola2_taxonomy_v1,UNKNOWN,R_mean_lastW=na|entropy_quality=na|memory_score_k10=na|phase_var_lastW=na,True,True,4,4,4,4,4,True,True,4,True,0,0,0.0,1.0,0.2753222202200725,0.15541955456942952,0.2488186763198513,0.02848060474857279,0.655082330314797,0.009869293399637854,0.9064629091493966,3.133163201108751e-10,0.9999925252376552,0.2753222202200725,0.15541955456942952,0.2488186763198513,0.02848060474857279,0.655082330314797,0.009869293399637854,0.8855367082173464,1,0.0,0.0,0.0,1.0,90.30762527225306,91.6441470981692,0.08265758414135028,0.8510411496579535,0.06630126544011511,54044391a2f7654be444040f845ac72c48fe754434132222a9f5e4583b21e767,ola2_taxonomy_v1,False,UNKNOWN,FUNCTIONAL_LOCK,VIABLE,A,True,f261b0e8f0b24da2,ring_2:FUNCTIONAL_LOCK:Roob_PE2_H1,R=0.655 PE=0.249 H=0.275 evals=4
9195dacd420b6358fa76a0e2a1a52392760fb8651c485c6c16cda04e1341dec1,ring_2,2,1,1.0,1.0,0.0,2,{},{},{},,ola2_taxonomy_v1,UNKNOWN,R_mean_lastW=na|entropy_quality=na|memory_score_k10=na|phase_var_lastW=na,True,True,4,4,4,4,4,True,True,4,True,0,0,0.0,1.0,0.5013606074893662,0.022707286409818114,0.20985138420398392,0.0003382605006572733,0.6913311174983117,0.038059191107950814,0.9935182439475443,1.5360042704079002e-10,0.9999985911321596,0.5013606074893662,0.022707286409818114,0.20985138420398392,0.0003382605006572733,0.6913311174983117,0.038059191107950814,0.9449479559871775,1,0.0,0.0,0.0,1.0,89.7294798977091,90.64789553073933,0.6635243827221018,0.13195458392210008,0.20452102832403496,706d1f1d75fe491f76a051b965a11df427caa7743234b82513d6a49971c38980,ola2_taxonomy_v1,False,UNKNOWN,FUNCTIONAL_LOCK,VIABLE,A,True,ff5438f2dfdb3265,ring_2:FUNCTIONAL_LOCK:Roob_PE2_H3,R=0.691 PE=0.210 H=0.501 evals=4
fe6da76f4c4ac68e7c14b9f10b62458cbefeb30f7f3a8215a943f35b74ff3ce9,ring_2,2,1,1.0,1.0,0.0,2,{},{},{},,ola2_taxonomy_v1,UNKNOWN,R_mean_lastW=na|entropy_quality=na|memory_score_k10=na|phase_var_lastW=na,True,True,4,4,4,4,4,True,True,4,True,0,0,0.0,1.0,0.2939731678227197,0.09564133105822357,0.35317500536794316,0.0015125152174645517,0.6602392986116166,0.008337162511490193,0.9530984929046251,3.107150030104778e-10,0.999994664981204,0.2939731678227197,0.09564133105822357,0.35317500536794316,0.0015125152174645517,0.6602392986116166,0.008337162511490193,0.987372513982397,1,0.0,0.0,0.0,1.0,88.68006286030868,91.13546833768487,0.030592267286486348,0.8790554128317221,0.0903523195132823,b5a2c80a470664601fe2327aad7aa2526f6f5c722b824e23a866d11110db92c0,ola2_taxonomy_v1,False,UNKNOWN,FUNCTIONAL_LOCK,VIABLE,A,True,f261b0e8f0b24da2,ring_2:FUNCTIONAL_LOCK:Roob_PE2_H1,R=0.660 PE=0.353 H=0.294 evals=4
f2a14974535260a793ca53a05ffa8e92f182b3adfc9d42b2fff8b1b8e383d083,ring_3,3,3,1.0,2.0,0.0,2,{},{},{},,ola2_taxonomy_v1,UNKNOWN,R_mean_lastW=na|entropy_quality=na|memory_score_k10=na|phase_var_lastW=na,True,True,4,4,4,4,4,True,True,4,True,0,0,0.0,1.0,0.4291171305972788,0.04085186225820311,0.19964962044104664,0.008831152728721457,0.5999536893377556,0.02697057436057862,0.877733931384644,1.605237708906799e-05,0.9978261420964736,0.4291171305972788,0.04085186225820311,0.19964962044104664,0.008831152728721457,0.5999536893377556,0.02697057436057862,0.9550455729502232,1,0.0,0.0,0.0,1.0,133.8827855225536,134.4486950185732,0.7236724185925487,0.009569885377280915,0.2667576909598527,3e0d980f4fa707bcb732dc08c8dec1cb51cbcf257c82f04e18e14d3891af3686,ola2_taxonomy_v1,False,UNKNOWN,FUNCTIONAL_LOCK,VIABLE,B,True,64df6b42e1735047,ring_3:FUNCTIONAL_LOCK:Roob_PE1_H2,R=0.600 PE=0.200 H=0.429 evals=4
13f876fe9d9e456fb2b345dbc3a634ee011bd23802e443f36d2a14eb94d85b3f,complete_4,4,6,1.0,3.0,0.0,2,{},{},{},,ola2_taxonomy_v1,UNKNOWN,R_mean_lastW=na|entropy_quality=na|memory_score_k10=na|phase_var_lastW=na,True,True,4,4,4,4,4,True,True,4,True,0,0,0.0,1.0,0.3988138525323103,0.06998553330637078,0.2095560007057925,0.011181677866375113,0.46993171874611295,0.05822165172370008,0.9048140555440561,1.9391689312136573e-05,0.9981373314127465,0.3988138525323103,0.06998553330637078,0.2095560007057925,0.011181677866375113,0.46993171874611295,0.05822165172370008,0.8761061460608597,1,0.0,0.0,0.0,1.0,175.11586826242274,175.85647782889427,0.8029420827920032,0.016522919984145693,0.18053499573147322,4c3da8d5f0d5d5dca99f42e9a00ab84a9d73a07426a6a67e5fe58d3ec9e42447,ola2_taxonomy_v1,False,UNKNOWN,FUNCTIONAL_LOCK,VIABLE,B,True,88649e81af49a513,complete_4:FUNCTIONAL_LOCK:Roob_PE2_H2,R=0.470 PE=0.210 H=0.399 evals=4
964bd0b9fa545a64d1f8de9b5054b301c136e55c54969124601e67c534a09006,ring_2,2,1,1.0,1.0,0.0,2,{},{},{},,ola2_taxonomy_v1,UNKNOWN,R_mean_lastW=na|entropy_quality=na|memory_score_k10=na|phase_var_lastW=na,True,True,4,4,4,4,4,True,True,4,True,0,0,0.0,1.0,0.3980761682614455,0.04094658071358735,0.18643139936262101,0.002691756449998287,0.6215737260470088,0.04470886669689039,0.9579815058729215,2.695479097667443e-09,0.9999851091054177,0.3980761682614455,0.04094658071358735,0.18643139936262101,0.002691756449998287,0.6215737260470088,0.04470886669689039,0.9280714984830148,1,0.0,0.0,0.0,1.0,94.5872216624557,101.65806755715748,0.8100808590444326,0.011350060052669801,0.17856907647044962,f0e8e8fb0a10fd736f52a079f07ecf8784f3e1cf9407158bee4797a6765b9b1c,ola2_taxonomy_v1,False,UNKNOWN,FUNCTIONAL_LOCK,VIABLE,A,True,3a4d99d5b841605f,ring_2:FUNCTIONAL_LOCK:Roob_PE1_H2,R=0.622 PE=0.186 H=0.398 evals=4
fa33832b3d89a76ee7fbb3c976a4244c3c266b61a06327d458b49db133d5e6b7,ring_3,3,3,1.0,2.0,0.0,2,{},{},{},,ola2_taxonomy_v1,UNKNOWN,R_mean_lastW=na|entropy_quality=na|memory_score_k10=na|phase_var_lastW=na,True,True,4,4,4,4,4,True,True,4,True,0,0,0.0,1.0,0.5829800696215757,0.09183287148057302,0.32068432907344746,0.03086429296223861,0.5968312590096387,0.027689872674060968,0.9255626684197058,1.5437217498469908e-06,0.9994806038362442,0.5829800696215757,0.09183287148057302,0.32068432907344746,0.03086429296223861,0.5968312590096387,0.027689872674060968,0.9037549073526145,1,0.0,0.0,0.0,1.0,130.5415667265188,131.1511956477305,0.6362747895720766,0.23969497151674501,0.12403023650209778,db6debf6e940f817a17bbb30bab7e115521a5c2d12e85bcb81fad4174b606df9,ola2_taxonomy_v1,False,UNKNOWN,FUNCTIONAL_LOCK,VIABLE,B,True,0da0683c4b5c61df,ring_3:FUNCTIONAL_LOCK:Roob_PE2_H3,R=0.597 PE=0.321 H=0.583 evals=4
19486ab84485460c43499868e579de47595175eaa6369b17c5f4755de6bcdcab,ring_2,2,1,1.0,1.0,0.0,2,{},{},{},,ola2_taxonomy_v1,UNKNOWN,R_mean_lastW=na|entropy_quality=na|memory_score_k10=na|phase_var_lastW=na,True,True,4,4,4,4,4,True,True,4,True,0,0,0.0,1.0,0.4827104980246899,0.07377523870154609,0.1972932960804786,0.004509174470592955,0.6560236842658066,0.04905659493317667,0.9723751779510671,3.412149064545408e-10,0.9999956882043497,0.4827104980246899,0.07377523870154609,0.1972932960804786,0.004509174470592955,0.6560236842658066,0.04905659493317667,0.9252213050995579,1,0.0,0.0,0.0,1.0,89.02801398356678,89.33416312839836,0.7079695148788089,0.0614943447285029,0.23053613450879631,bdddbdcb24856a9b4d583189d5164bd6f69f1455e5b84c69796adb890da5bf82,ola2_taxonomy_v1,False,UNKNOWN,FUNCTIONAL_LOCK,VIABLE,A,True,3a4d99d5b841605f,ring_2:FUNCTIONAL_LOCK:Roob_PE1_H2,R=0.656 PE=0.197 H=0.483 evals=4
94650e97ab90e408ce1d25d25eb8f8534072171d440e44374d0d14a28f850fa9,complete_4,4,6,1.0,3.0,0.0,2,{},{},{},,ola2_taxonomy_v1,UNKNOWN,R_mean_lastW=na|entropy_quality=na|memory_score_k10=na|phase_var_lastW=na,True,True,4,4,4,4,4,True,True,4,True,0,0,0.0,1.0,0.520815570756644,0.14178638142573063,0.3015087303685654,0.06803694554840002,0.5223061178118573,0.032993688540045925,0.8183112777507392,0.0018471295402986117,0.9759547362030851,0.520815570756644,0.14178638142573063,0.3015087303685654,0.06803694554840002,0.5223061178118573,0.032993688540045925,0.7743450232262549,1,0.0,0.0,0.0,1.0,177.391750744835,178.5747281489079,0.4614260237325994,0.04492804603579553,0.493645928913128,6a9993a4c2bc645908668578d2bf8902db1fbf2a5733b958b20ca7f432e75eed,ola2_taxonomy_v1,False,UNKNOWN,FUNCTIONAL_LOCK,VIABLE,B,True,340262789e51cbcb,complete_4:FUNCTIONAL_LOCK:Roob_PE2_H3,R=0.522 PE=0.302 H=0.521 evals=4
1149dbab7b9489c911ec85cbed577b986fa8b7b1161619ef02b47cc1b77be408,bipartite_2_2,4,4,0.6666666666666666,2.0,0.0,2,{},{},{},,ola2_taxonomy_v1,UNKNOWN,R_mean_lastW=na|entropy_quality=na|memory_score_k10=na|phase_var_lastW=na,True,True,4,4,4,4,4,True,True,4,True,0,0,0.0,1.0,0.4360796832530774,0.045641783200211686,0.20726176626903242,0.003713671698728361,0.5287856334439556,0.0031148614376488243,0.9666633039210556,1.1152693040475425e-05,0.9991872398207519,0.4360796832530774,0.045641783200211686,0.20726176626903242,0.003713671698728361,0.5287856334439556,0.0031148614376488243,0.9820822153280895,1,0.0,0.0,0.0,1.0,175.2406621115515,178.4285929415026,0.694379680161363,0.028725668838029635,0.2768946495178488,75e2c6be0cf7a5d59e43fa09ff70749b824cce660cd7c495feb45ab2efa723f3,ola2_taxonomy_v1,False,UNKNOWN,FUNCTIONAL_LOCK,VIABLE,B,True,4fa825e3687f7b68,bipartite_2_2:FUNCTIONAL_LOCK:Roob_PE2_H2,R=0.529 PE=0.207 H=0.436 evals=4
5ecd2c0fbe7995d33af87d6871d997bf7e73ef08ffd6df2f4cd64faf0054af45,bipartite_2_2,4,4,0.6666666666666666,2.0,0.0,2,{},{},{},,ola2_taxonomy_v1,UNKNOWN,R_mean_lastW=na|entropy_quality=na|memory_score_k10=na|phase_var_lastW=na,True,True,4,4,4,4,4,True,True,4,True,0,0,0.0,1.0,0.41762179097427987,0.027720544560761253,0.2001381069653393,0.007396876361790693,0.5425506158930872,0.04015921313997512,0.9584043776739603,1.3616502211619885e-06,0.9996017827525857,0.41762179097427987,0.027720544560761253,0.2001381069653393,0.007396876361790693,0.5425506158930872,0.04015921313997512,0.925980706751444,1,0.0,0.0,0.0,1.0,178.2276336926152,184.18366911102785,0.7605790845109425,0.10969896734871142,0.1297219455828747,5a0f807b90a4f0e43129ee4af8dbe13dedd0f0d7eb690c0c0f5e072370386369,ola2_taxonomy_v1,False,UNKNOWN,FUNCTIONAL_LOCK,VIABLE,B,True,4fa825e3687f7b68,bipartite_2_2:FUNCTIONAL_LOCK:Roob_PE2_H2,R=0.543 PE=0.200 H=0.418 evals=4
da5da7b19a06ad6e43ed005817c9749f566ecaee73511e8d4e1e10a2af1cdf2d,ring_2,2,1,1.0,1.0,0.0,2,{},{},{},,ola2_taxonomy_v1,UNKNOWN,R_mean_lastW=na|entropy_quality=na|memory_score_k10=na|phase_var_lastW=na,True,True,4,4,4,4,4,True,True,4,True,0,0,0.0,1.0,0.4692825679058892,0.07100798542986365,0.21029985446524305,0.011222899448599246,0.6522813684328482,0.04265283399412979,0.9990184475248934,1.2191398891806815e-11,0.9999998453380822,0.4692825679058892,0.07100798542986365,0.21029985446524305,0.011222899448599246,0.6522813684328482,0.04265283399412979,0.9346097618936959,1,0.0,0.0,0.0,1.0,83.34213632281171,83.96283942147856,0.7166435434851375,0.03402944566838886,0.24932700571159172,64b4d41cc4a600b99665e0fbcb8fc6cbf744bfcbacac1f42853fda0a8164593c,ola2_taxonomy_v1,False,UNKNOWN,FUNCTIONAL_LOCK,VIABLE,A,True,e1610169dc4e68ad,ring_2:FUNCTIONAL_LOCK:Roob_PE2_H2,R=0.652 PE=0.210 H=0.469 evals=4
a39dc6bb0a65e359ea4351d5a2f3d360b3a0e4f779d89f7e29d3a619f29ce3b4,ring_3,3,3,1.0,2.0,0.0,2,{},{},{},,ola2_taxonomy_v1,UNKNOWN,R_mean_lastW=na|entropy_quality=na|memory_score_k10=na|phase_var_lastW=na,True,True,4,4,4,4,4,True,True,4,True,0,0,0.0,1.0,0.4945123744216412,0.22712087497024522,0.3523865545212085,0.001412222460764033,0.5475894650335122,0.0281210649702637,0.8661093619768969,7.098598998011973e-05,0.9953351459105219,0.4945123744216412,0.22712087497024522,0.3523865545212085,0.001412222460764033,0.5475894650335122,0.0281210649702637,0.9486457158766874,1,0.0,0.0,0.0,1.0,132.47801153216278,133.27562446141383,0.2247518545008059,0.6927437925835045,0.08250435205533997,aa8a674e59e5b6cfc9ca00bcf41161a89a87ac61494e3ec243a47d762cb2c333,ola2_taxonomy_v1,False,UNKNOWN,FUNCTIONAL_LOCK,VIABLE,B,True,6357695ae876ac33,ring_3:FUNCTIONAL_LOCK:Roob_PE2_H2,R=0.548 PE=0.352 H=0.495 evals=4
777229ab97ead3bb3336b427a1ef5bd377a0080015bec75a6194f15b19f377ed,ring_2,2,1,1.0,1.0,0.0,2,{},{},{},,ola2_taxonomy_v1,UNKNOWN,R_mean_lastW=na|entropy_quality=na|memory_score_k10=na|phase_var_lastW=na,True,True,4,4,4,4,4,True,True,4,True,0,0,0.0,1.0,0.31994645438091457,0.04523043688283874,0.1898662607238822,0.0010660043122565376,0.6626483186576324,0.05241853541599968,0.9830187594613529,3.7646141505955784e-11,0.999998874073426,0.31994645438091457,0.04523043688283874,0.1898662607238822,0.0010660043122565376,0.6626483186576324,0.05241853541599968,0.9208953921105736,1,0.0,0.0,0.0,1.0,90.36461917753331,91.1052360145026,0.841244705470865,0.05109119010256604,0.10766408099761683,40535af2e76d3ef9a3cf51b95c345d35527651a43ecee356b8be605932caa0cc,ola2_taxonomy_v1,False,UNKNOWN,FUNCTIONAL_LOCK,VIABLE,A,True,3a4d99d5b841605f,ring_2:FUNCTIONAL_LOCK:Roob_PE1_H2,R=0.663 PE=0.190 H=0.320 evals=4
618a9cdf6eb245a021af17ced26df56a2007ddc2b094e82a87bbb154612a39e6,ladder_2,4,4,0.6666666666666666,2.0,0.0,2,{},{},{},,ola2_taxonomy_v1,UNKNOWN,R_mean_lastW=na|entropy_quality=na|memory_score_k10=na|phase_var_lastW=na,True,True,4,4,4,4,4,True,True,4,True,0,0,0.0,1.0,0.36880403257776784,0.1494450972369787,0.20289851704462616,0.013200619955530093,0.49733933306141975,0.0705622165891318,0.8585646236989668,4.211795701331074e-06,0.9986156557076242,0.36880403257776784,0.1494450972369787,0.20289851704462616,0.013200619955530093,0.49733933306141975,0.0705622165891318,0.858120579052577,1,0.0,0.0,0.0,1.0,172.2695363612729,173.6837771704304,0.8089491101815495,0.04314480168285532,0.14790608529119287,e08d2f5f236cd87e5f8ac358a3e214ca9db5b4d6e94dcad88041336eb49749ab,ola2_taxonomy_v1,False,UNKNOWN,FUNCTIONAL_LOCK,VIABLE,B,True,19db2fb32bed7851,ladder_2:FUNCTIONAL_LOCK:Roob_PE2_H2,R=0.497 PE=0.203 H=0.369 evals=4
1ee03373df7663f8c8195620201da51119949d0bf5a258aa4e2f3ef75754601b,ring_2,2,1,1.0,1.0,0.0,2,{},{},{},,ola2_taxonomy_v1,UNKNOWN,R_mean_lastW=na|entropy_quality=na|memory_score_k10=na|phase_var_lastW=na,True,True,4,4,4,4,4,True,True,4,True,0,0,0.0,1.0,0.4648262314608295,0.09225519033448987,0.1948008605352899,0.00262298284496327,0.690088179391884,0.04227978941422935,0.9898850108733368,1.4914795476205583e-09,0.9999945215944441,0.4648262314608295,0.09225519033448987,0.1948008605352899,0.00262298284496327,0.690088179391884,0.04227978941422935,0.9387327725980078,1,0.0,0.0,0.0,1.0,90.44561378104845,91.59458042851183,0.7097486766251458,0.08727906357785285,0.20297225279779524,f5c878d830e986607fb8743160e60c3db355a208296541b29a2db4dc48647b31,ola2_taxonomy_v1,False,UNKNOWN,FUNCTIONAL_LOCK,VIABLE,A,True,3a4d99d5b841605f,ring_2:FUNCTIONAL_LOCK:Roob_PE1_H2,R=0.690 PE=0.195 H=0.465 evals=4
6cbbca5caec02cd3e99bcf6b65376a5cff03522cdac6867b7696ba938bfb14d2,ring_2,2,1,1.0,1.0,0.0,2,{},{},{},,ola2_taxonomy_v1,UNKNOWN,R_mean_lastW=na|entropy_quality=na|memory_score_k10=na|phase_var_lastW=na,True,True,4,4,4,4,4,True,True,4,True,0,0,0.0,1.0,0.36446080157839505,0.028011933644981814,0.20073133515420777,0.0060522226856664476,0.6964779525210758,0.04207752972956542,0.9209272170386853,1.3819090008571418e-09,0.999985512130325,0.36446080157839505,0.028011933644981814,0.20073133515420777,0.0060522226856664476,0.6964779525210758,0.04207752972956542,0.9395852667306189,1,0.0,0.0,0.0,1.0,90.20217960549053,90.98136223973707,0.810295679060991,0.040279185033251355,0.14942511461238572,0beaa7dafc89352c97623712bce7519ccf60aeca533170202b6b45d6b42ea770,ola2_taxonomy_v1,False,UNKNOWN,FUNCTIONAL_LOCK,VIABLE,A,True,e1610169dc4e68ad,ring_2:FUNCTIONAL_LOCK:Roob_PE2_H2,R=0.696 PE=0.201 H=0.364 evals=4
954552999bf76807d2a74cada5fbf0c7a53bad81765346f5b35e20cc3aa0d493,ring_2,2,1,1.0,1.0,0.0,2,{},{},{},,ola2_taxonomy_v1,UNKNOWN,R_mean_lastW=na|entropy_quality=na|memory_score_k10=na|phase_var_lastW=na,True,True,4,4,4,4,4,True,True,4,True,0,0,0.0,1.0,0.33890845148997467,0.24129769171769683,0.4472722741104816,0.15691747296456768,0.6502620783624494,0.046040030277113855,0.9901543592302714,9.883443397531468e-11,0.999998608385807,0.33890845148997467,0.24129769171769683,0.4472722741104816,0.15691747296456768,0.6502620783624494,0.046040030277113855,0.6491678960502543,1,0.0,0.0,0.0,1.0,90.23856232472463,91.4662002811092,0.3257380271618962,0.039721635427496266,0.6345403354445768,8f96f2b32dde5654b99d7d65f690c2333667ac1485d81028a5b3c9472fb62735,ola2_taxonomy_v1,False,UNKNOWN,FUNCTIONAL_LOCK,VIABLE,A,True,e8405dfb32b95fbf,ring_2:FUNCTIONAL_LOCK:Roob_PE3_H2,R=0.650 PE=0.447 H=0.339 evals=4
8f88f4bf43a906c625f74942c00d8197b64c0b1748563b8ff94c192f6f34c689,ring_2,2,1,1.0,1.0,0.0,2,{},{},{},,ola2_taxonomy_v1,UNKNOWN,R_mean_lastW=na|entropy_quality=na|memory_score_k10=na|phase_var_lastW=na,True,True,4,4,4,4,4,True,True,4,True,0,0,0.0,1.0,0.3971494703173115,0.038028226413640086,0.20083436195117846,0.0027931331632180772,0.654787497355512,0.03391870882717385,0.9999976312156463,1.0160318033847803e-12,0.9999999978064267,0.3971494703173115,0.038028226413640086,0.20083436195117846,0.0027931331632180772,0.654787497355512,0.03391870882717385,0.9481989058065995,1,0.0,0.0,0.0,1.0,79.45205661345972,81.17258483569603,0.8180211068104436,0.012646549925251651,0.16933233842186868,ffaa1c0a94cf568a05b5b9c07a6ff50925e703ded5c537106b24c24893446859,ola2_taxonomy_v1,False,UNKNOWN,FUNCTIONAL_LOCK,VIABLE,A,True,e1610169dc4e68ad,ring_2:FUNCTIONAL_LOCK:Roob_PE2_H2,R=0.655 PE=0.201 H=0.397 evals=4
a4c027469a20d5929388d837de33723f02bbf2b8ec19c199faeb91380ddec3e1,ring_2,2,1,1.0,1.0,0.0,2,{},{},{},,ola2_taxonomy_v1,UNKNOWN,R_mean_lastW=na|entropy_quality=na|memory_score_k10=na|phase_var_lastW=na,True,True,4,4,4,4,4,True,True,4,True,0,0,0.0,1.0,0.5493531059242408,0.030374356370576627,0.2005650218067855,0.009673473879734568,0.7015559096599713,0.08436523131739637,0.9965982573562417,5.774435873986289e-09,0.9999937396105435,0.5493531059242408,0.030374356370576627,0.2005650218067855,0.009673473879734568,0.7015559096599713,0.08436523131739637,0.8797455339542556,1,0.0,0.0,0.0,1.0,86.76244107674574,87.36874330039136,0.6120666495926484,0.01426575582932365,0.37366759150057227,370ee0a6eff417d7686fbbfa6dc0b66c64c8bf602b32fd4c67d25cdebec1620a,ola2_taxonomy_v1,False,UNKNOWN,FUNCTIONAL_LOCK,VIABLE,A,True,139c4319dd42d899,ring_2:FUNCTIONAL_LOCK:R0_PE2_H3,R=0.702 PE=0.201 H=0.549 evals=4
52c98b93b46f7a45dc8a8f0aabfb3f97ad2d4b87e88d06a211743096b536cdca,ring_2,2,1,1.0,1.0,0.0,2,{},{},{},,ola2_taxonomy_v1,UNKNOWN,R_mean_lastW=na|entropy_quality=na|memory_score_k10=na|phase_var_lastW=na,True,True,4,4,4,4,4,True,True,4,True,0,0,0.0,1.0,0.3894600253746724,0.031710956340719396,0.19790470072920785,0.0004586507934050923,0.6560059472866997,0.03455106412542172,0.9978891075832714,1.9487365308944436e-11,0.9999997133212163,0.3894600253746724,0.031710956340719396,0.19790470072920785,0.0004586507934050923,0.6560059472866997,0.03455106412542172,0.9473311724256037,1,0.0,0.0,0.0,1.0,87.93390497879591,88.6214743008255,0.8024261725078125,0.011833459775370713,0.18574036506803548,c5e2466ead0a86b50dbea082ee4e158e8513b4154208ef91d61653767f96b297,ola2_taxonomy_v1,False,UNKNOWN,FUNCTIONAL_LOCK,VIABLE,A,True,3a4d99d5b841605f,ring_2:FUNCTIONAL_LOCK:Roob_PE1_H2,R=0.656 PE=0.198 H=0.389 evals=4
11f30af39e046fd314ab51e5c2baaaf87c6102e3278e7b1fc24c328d6b2519b5,ring_3,3,3,1.0,2.0,0.0,2,{},{},{},,ola2_taxonomy_v1,UNKNOWN,R_mean_lastW=na|entropy_quality=na|memory_score_k10=na|phase_var_lastW=na,True,True,4,4,4,4,4,True,True,4,True,0,0,0.0,1.0,0.5703091184382432,0.13177939569838681,0.3238404919630945,0.0007155826307309411,0.552753693225031,0.005847246840612893,0.9944133977235612,1.3084578388414686e-09,0.9999964126451423,0.5703091184382432,0.13177939569838681,0.3238404919630945,0.0007155826307309411,0.552753693225031,0.005847246840612893,0.9894216051158388,1,0.0,0.0,0.0,1.0,132.84980337077286,135.5884485719842,0.5172253105968629,0.364361497540799,0.11841318851582801,2eefe35d6710af63e1a155443643536ea747c975f319a1169f2d5591620e830f,ola2_taxonomy_v1,False,UNKNOWN,FUNCTIONAL_LOCK,VIABLE,B,True,0da0683c4b5c61df,ring_3:FUNCTIONAL_LOCK:Roob_PE2_H3,R=0.553 PE=0.324 H=0.570 evals=4
ddee25b30de13639c982d770b8f2d7976a44df2ccc8e8d64d7ed9722fc73bb6d,ring_2,2,1,1.0,1.0,0.0,2,{},{},{},,ola2_taxonomy_v1,UNKNOWN,R_mean_lastW=na|entropy_quality=na|memory_score_k10=na|phase_var_lastW=na,True,True,4,4,4,4,4,True,True,4,True,0,0,0.0,1.0,0.29426705433130973,0.1857912381744898,0.3063243997424015,0.1322246895053123,0.6501050331432443,0.02399931521884954,0.9994870392319833,7.86102183724181e-12,0.9999999102058258,0.29426705433130973,0.1857912381744898,0.3063243997424015,0.1322246895053123,0.6501050331432443,0.02399931521884954,0.5683507757902913,1,0.0,0.0,0.0,1.0,84.69305883027846,85.33205272175837,0.27873169595819913,0.0009571222400782476,0.7203111801923495,74fbf105d4e1f5756d63a7e0243ecd976e40bcfa493213c45687a266d93bdd03,ola2_taxonomy_v1,False,UNKNOWN,FUNCTIONAL_LOCK,VIABLE,A,True,f261b0e8f0b24da2,ring_2:FUNCTIONAL_LOCK:Roob_PE2_H1,R=0.650 PE=0.306 H=0.294 evals=4
9ec197be466d1d955a6e95200eb78db7a0d65c9be17f13e7edc45ff267b4d0ac,complete_4,4,6,1.0,3.0,0.0,2,{},{},{},,ola2_taxonomy_v1,UNKNOWN,R_mean_lastW=na|entropy_quality=na|memory_score_k10=na|phase_var_lastW=na,True,True,4,4,4,4,4,True,True,4,True,0,0,0.0,1.0,0.3772464009539693,0.09220502429936658,0.19970194770285968,0.004442131796907094,0.5403244053534477,0.0353383757509842,0.9131832728036033,0.00033941683307115697,0.9963974402965856,0.3772464009539693,0.09220502429936658,0.19970194770285968,0.004442131796907094,0.5403244053534477,0.0353383757509842,0.9345978538062371,1,0.0,0.0,0.0,1.0,175.01251404953655,178.1353107482195,0.777256616494996,0.03280223797696503,0.1899411428242801,ad6e30e59be8c4dd902b7ced2f7141a7d65635fb59dce07633ac3eb105802518,ola2_taxonomy_v1,False,UNKNOWN,FUNCTIONAL_LOCK,VIABLE,B,True,73514264e583e8b3,complete_4:FUNCTIONAL_LOCK:Roob_PE1_H2,R=0.540 PE=0.200 H=0.377 evals=4
5cbe86b59b11288153fb9aae7b856890756cd0b466f21c4c1b1fe4b9dbdb28f7,bipartite_2_2,4,4,0.6666666666666666,2.0,0.0,2,{},{},{},,ola2_taxonomy_v1,UNKNOWN,R_mean_lastW=na|entropy_quality=na|memory_score_k10=na|phase_var_lastW=na,True,True,4,4,4,4,4,True,True,4,True,0,0,0.0,1.0,0.3539847114010864,0.0291872209164127,0.19917477548094445,0.004957048514620331,0.5112117962632955,0.03802644412835295,0.7932178142287678,0.00032651189401914016,0.9857827099963243,0.3539847114010864,0.0291872209164127,0.19917477548094445,0.004957048514620331,0.5112117962632955,0.03802644412835295,0.9256150886847538,1,0.0,0.0,0.0,1.0,175.2348825582303,176.49754775996553,0.8181157116414083,0.025385115570570698,0.15649917131375402,52578c86e90afaac0666927a1bfcd99a3d56d5e1f32b1be1c64985799fcd701e,ola2_taxonomy_v1,False,UNKNOWN,FUNCTIONAL_LOCK,VIABLE,B,True,4ef0dcd6551f417e,bipartite_2_2:FUNCTIONAL_LOCK:Roob_PE1_H2,R=0.511 PE=0.199 H=0.354 evals=4
314eb7f8fa66f7fe84975187f0d82cfa0e13f3a4ea80da58d701b8d8433bce03,ladder_2,4,4,0.6666666666666666,2.0,0.0,2,{},{},{},,ola2_taxonomy_v1,UNKNOWN,R_mean_lastW=na|entropy_quality=na|memory_score_k10=na|phase_var_lastW=na,True,True,4,4,4,4,4,True,True,4,True,0,0,0.0,1.0,0.6289289181850625,0.16575605472870347,0.32583043466999007,0.0008600553398575879,0.544697237670725,0.014278263257694471,0.9133816026782747,0.0017114239409079207,0.9782032507501583,0.6289289181850625,0.16575605472870347,0.32583043466999007,0.0008600553398575879,0.544697237670725,0.014278263257694471,0.9737867896691522,1,0.0,0.0,0.0,1.0,174.69453522504773,177.89855905305595,0.4129853356139454,0.4781285112446673,0.10888615235587454,ae39a29afb13667f14c8d6d967d650ea9961cdb463e5dd8153c1ed6a87ba5a15,ola2_taxonomy_v1,False,UNKNOWN,FUNCTIONAL_LOCK,VIABLE,B,True,c406389cacdb14b8,ladder_2:FUNCTIONAL_LOCK:Roob_PE2_H3,R=0.545 PE=0.326 H=0.629 evals=4
99331227994d175551e1aa7d47eab1c93112f7312989de5922225b450f32cb0a,complete_4,4,6,1.0,3.0,0.0,2,{},{},{},,ola2_taxonomy_v1,UNKNOWN,R_mean_lastW=na|entropy_quality=na|memory_score_k10=na|phase_var_lastW=na,True,True,4,4,4,4,4,True,True,4,True,0,0,0.0,1.0,0.5897785957017172,0.14252056988748932,0.25698341617621434,0.010217527195888728,0.5568102671599575,0.012580885539635723,0.8974277056757213,8.112570016650666e-05,0.9951736516606782,0.5897785957017172,0.14252056988748932,0.25698341617621434,0.010217527195888728,0.5568102671599575,0.012580885539635723,0.960240519221355,1,0.0,0.0,0.0,1.0,172.46634089242434,173.57512860269054,0.6900623658045054,0.14983475261385962,0.16010287985787758,12f793dd15bc636d7b6ab1bcd0a5f0ac5f66a62067da6617782d402bab857616,ola2_taxonomy_v1,False,UNKNOWN,FUNCTIONAL_LOCK,VIABLE,B,True,340262789e51cbcb,complete_4:FUNCTIONAL_LOCK:Roob_PE2_H3,R=0.557 PE=0.257 H=0.590 evals=4
9565b0f7ea52e476283ed34ab5479b10bcc690e69a6a0a442fe26afe549d0eae,ring_5,5,5,0.5,2.0,0.0,2,{},{},{},,ola2_taxonomy_v1,UNKNOWN,R_mean_lastW=na|entropy_quality=na|memory_score_k10=na|phase_var_lastW=na,True,True,4,4,4,4,4,True,True,4,True,0,0,0.0,1.0,0.5877030970313898,0.21215147034776793,0.34191103024415515,0.16137734049873917,0.4556271208098359,0.06848724731918311,0.9141032210504297,9.983712433058343e-05,0.9936341421488935,0.5877030970313898,0.21215147034776793,0.34191103024415515,0.16137734049873917,0.4556271208098359,0.06848724731918311,0.528013646171341,1,0.0,0.0,0.0,1.0,213.37892472505337,216.17544623391004,0.3768802998801477,0.10773269393082543,0.5153870054635785,f2c606f2c666b10dcecb05e7ac77200708b55919a61b6ca319e28e11206bf6b0,ola2_taxonomy_v1,False,UNKNOWN,FUNCTIONAL_LOCK,VIABLE,B,True,c4719ae324f325dd,ring_5:FUNCTIONAL_LOCK:Roob_PE2_H3,R=0.456 PE=0.342 H=0.588 evals=4
1406a40ed39aacf085ba48874a9643eace72f7221129aed27094e9f27f0af763,ring_3,3,3,1.0,2.0,0.0,2,{},{},{},,ola2_taxonomy_v1,UNKNOWN,R_mean_lastW=na|entropy_quality=na|memory_score_k10=na|phase_var_lastW=na,True,True,4,4,4,4,4,True,True,4,True,0,0,0.0,1.0,0.5528358233721703,0.05622655488950006,0.19607045799945808,0.005476218504353163,0.608388078637866,0.013725504682170217,0.9551204978863976,2.277734041450138e-06,0.9994885568896024,0.5528358233721703,0.05622655488950006,0.19607045799945808,0.005476218504353163,0.608388078637866,0.013725504682170217,0.9720701498827106,1,0.0,0.0,0.0,1.0,135.56672150432132,140.76349692383081,0.6152397924169749,0.0840151995422301,0.30074500601914084,db9fdfe86cb163a4d10e16920db452ced03551fa13ac5c8b3245013229708832,ola2_taxonomy_v1,False,UNKNOWN,FUNCTIONAL_LOCK,VIABLE,A,True,37ea3881796ceb70,ring_3:FUNCTIONAL_LOCK:Roob_PE1_H3,R=0.608 PE=0.196 H=0.553 evals=4
5e70b5b3dbb75a52e9be8dc2714fb81c0c5427685619ffdd3f4493a72f632fe8,ring_3,3,3,1.0,2.0,0.0,2,{},{},{},,ola2_taxonomy_v1,UNKNOWN,R_mean_lastW=na|entropy_quality=na|memory_score_k10=na|phase_var_lastW=na,True,True,4,4,4,4,4,True,True,4,True,0,0,0.0,1.0,0.3673303365550765,0.09676059664220736,0.20621254183830035,0.016686282031132486,0.5708897025994848,0.03508346326843694,0.8548092369823793,4.588284387656322e-07,0.9996157709553503,0.3673303365550765,0.09676059664220736,0.20621254183830035,0.016686282031132486,0.5708897025994848,0.03508346326843694,0.9190821184667959,1,0.0,0.0,0.0,1.0,133.6477249970194,134.42765963021665,0.6073137211480587,0.0048947234129995635,0.38779155328749804,df8b434043b8b3688e56bcd34656eb3432b691d40cc523885be157437acb6dee,ola2_taxonomy_v1,False,UNKNOWN,FUNCTIONAL_LOCK,VIABLE,B,True,6357695ae876ac33,ring_3:FUNCTIONAL_LOCK:Roob_PE2_H2,R=0.571 PE=0.206 H=0.367 evals=4
bad219722f9191fc092f2d41d132dd6d4d097dad8807d0b0db380d04fb5110e1,ring_3,3,3,1.0,2.0,0.0,2,{},{},{},,ola2_taxonomy_v1,UNKNOWN,R_mean_lastW=na|entropy_quality=na|memory_score_k10=na|phase_var_lastW=na,True,True,4,4,4,4,4,True,True,4,True,0,0,0.0,1.0,0.5104576845863188,0.08056227481182035,0.23762813939953553,0.03108012129396786,0.5585824771749137,0.03542313245244229,0.9572645753864569,1.6442925913814234e-06,0.9995792655938762,0.5104576845863188,0.08056227481182035,0.23762813939953553,0.03108012129396786,0.5585824771749137,0.03542313245244229,0.8692068987599513,1,0.0,0.0,0.0,1.0,135.67516443523346,139.26797706454528,0.7351662547529159,0.0800603911069156,0.18477335180021892,df6e742a51b02e6b4f218acd2164543dcbd40b86af1e9fccb3463718671044ea,ola2_taxonomy_v1,False,UNKNOWN,FUNCTIONAL_LOCK,VIABLE,B,True,0da0683c4b5c61df,ring_3:FUNCTIONAL_LOCK:Roob_PE2_H3,R=0.559 PE=0.238 H=0.510 evals=4
e0f47fac784e9b40b87537feb00f81d08fb6156a5b7ec482faeb424def7aa44d,bipartite_2_2,4,4,0.6666666666666666,2.0,0.0,2,{},{},{},,ola2_taxonomy_v1,UNKNOWN,R_mean_lastW=na|entropy_quality=na|memory_score_k10=na|phase_var_lastW=na,True,True,4,4,4,4,4,True,True,4,True,0,0,0.0,1.0,0.4972200214292899,0.06936721726118288,0.20678350233756237,0.0031176573202380763,0.48727973163614036,0.03364898496497046,0.8352611383746987,0.0002630580609937327,0.9882012811513753,0.4972200214292899,0.06936721726118288,0.20678350233756237,0.0031176573202380763,0.48727973163614036,0.03364898496497046,0.9309452399097595,1,0.0,0.0,0.0,1.0,176.19426662428305,177.18811032043305,0.7087409021483614,0.02030600655870681,0.2709530900698486,e3430d0d11386a2d1842050d372fd5327edd04210e14a8b98db1eec031b5fc42,ola2_taxonomy_v1,False,UNKNOWN,FUNCTIONAL_LOCK,VIABLE,B,True,4fa825e3687f7b68,bipartite_2_2:FUNCTIONAL_LOCK:Roob_PE2_H2,R=0.487 PE=0.207 H=0.497 evals=4
bf1597c1867f2db0ae72a4f9e7b3242c7719e31e238870d4ac2847ff0b0d13f0,ring_2,2,1,1.0,1.0,0.0,2,{},{},{},,ola2_taxonomy_v1,UNKNOWN,R_mean_lastW=na|entropy_quality=na|memory_score_k10=na|phase_var_lastW=na,True,True,4,4,4,4,4,True,True,4,True,0,0,0.0,1.0,0.23884908285089634,0.045930774280312024,0.1978316507762771,0.002649394029242601,0.6893440160592721,0.04596729113391595,0.999961921496932,1.4955261103322785e-12,0.9999999893285855,0.23884908285089634,0.045930774280312024,0.1978316507762771,0.002649394029242601,0.6893440160592721,0.04596729113391595,0.9333173421933882,1,0.0,0.0,0.0,1.0,79.92869821179193,81.53886194425868,0.9002399769449002,0.01942543056539566,0.08033458388476367,ca1781eb99d2711460dcee7d1858ba84c3ce07da1e455cefd7eabdd0319016ea,ola2_taxonomy_v1,False,UNKNOWN,FUNCTIONAL_LOCK,VIABLE,A,True,631d30bc180a91a7,ring_2:FUNCTIONAL_LOCK:Roob_PE1_H1,R=0.689 PE=0.198 H=0.239 evals=4
d70176e703d1a9245cc1747141d1720d49d0df97d991ddebb2ac259df2351a49,ring_3,3,3,1.0,2.0,0.0,2,{},{},{},,ola2_taxonomy_v1,UNKNOWN,R_mean_lastW=na|entropy_quality=na|memory_score_k10=na|phase_var_lastW=na,True,True,4,4,4,4,4,True,True,4,True,0,0,0.0,1.0,0.5172603223826244,0.031001902030829556,0.2036827094152797,0.0015188784266192453,0.5641597310156414,0.014875162892463838,0.9549565121372684,8.316266297318892e-08,0.999901913783299,0.5172603223826244,0.031001902030829556,0.2036827094152797,0.0015188784266192453,0.5641597310156414,0.014875162892463838,0.9736330651149374,1,0.0,0.0,0.0,1.0,133.75960902421502,139.32179577986244,0.7074175445238039,0.07429844349302452,0.21828400944230567,8ee17127f3245813e3c96a3918d46402c4588e83663f124f582fbe1edaabdbb9,ola2_taxonomy_v1,False,UNKNOWN,FUNCTIONAL_LOCK,VIABLE,B,True,0da0683c4b5c61df,ring_3:FUNCTIONAL_LOCK:Roob_PE2_H3,R=0.564 PE=0.204 H=0.517 evals=4
1eff0f9bc74b43b86352fe1141af0d2b851974ef103c02d8da50d8d8fbe2d36f,ring_3,3,3,1.0,2.0,0.0,2,{},{},{},,ola2_taxonomy_v1,UNKNOWN,R_mean_lastW=na|entropy_quality=na|memory_score_k10=na|phase_var_lastW=na,True,True,4,4,4,4,4,True,True,4,True,0,0,0.0,1.0,0.612799372736039,0.0656930830607973,0.32015336832087815,0.00986465851170952,0.5374140559430713,0.005963312787186847,0.9896098869053321,5.313782228963601e-07,0.9998810729074344,0.612799372736039,0.0656930830607973,0.32015336832087815,0.00986465851170952,0.5374140559430713,0.005963312787186847,0.9691877097422179,1,0.0,0.0,0.0,1.0,132.09901743923547,132.39147068649763,0.38880557126087306,0.4881349086697433,0.1230595184001416,ccf202180330d040600ab959578a577f223e1fed455256766f819367d0a13ff3,ola2_taxonomy_v1,False,UNKNOWN,FUNCTIONAL_LOCK,VIABLE,B,True,0da0683c4b5c61df,ring_3:FUNCTIONAL_LOCK:Roob_PE2_H3,R=0.537 PE=0.320 H=0.613 evals=4
e3351b838cde318d99b0e2da8cef319914a24b7e350391d90ba918fcdb4efc58,bipartite_2_2,4,4,0.6666666666666666,2.0,0.0,2,{},{},{},,ola2_taxonomy_v1,UNKNOWN,R_mean_lastW=na|entropy_quality=na|memory_score_k10=na|phase_var_lastW=na,True,True,4,4,4,4,4,True,True,4,True,0,0,0.0,1.0,0.49483793452247493,0.15087223109175346,0.25975291859985883,0.08933329632068042,0.5140639109372401,0.024232481209665847,0.8695423993987772,5.6119615566141214e-05,0.9956774755017115,0.49483793452247493,0.15087223109175346,0.25975291859985883,0.08933329632068042,0.5140639109372401,0.024232481209665847,0.6560835704860912,1,0.0,0.0,0.0,1.0,175.61305088020163,176.81491591264495,0.6661727104247521,0.17895759274762454,0.15486969274876708,63be9e2187384fb555c092f4e8aa88e8d2ce772a8ee621cfc77d1688d95272b8,ola2_taxonomy_v1,False,UNKNOWN,FUNCTIONAL_LOCK,VIABLE,B,True,4fa825e3687f7b68,bipartite_2_2:FUNCTIONAL_LOCK:Roob_PE2_H2,R=0.514 PE=0.260 H=0.495 evals=4
a2b6c106c04530d978e9c46de323170ce2ed2f8e8575feba868d886995cee0be,ring_2,2,1,1.0,1.0,0.0,2,{},{},{},,ola2_taxonomy_v1,UNKNOWN,R_mean_lastW=na|entropy_quality=na|memory_score_k10=na|phase_var_lastW=na,True,True,4,4,4,4,4,True,True,4,True,0,0,0.0,1.0,0.2519998939038974,0.015211140909173575,0.1850702517039137,0.0011233904106285504,0.6025542478351346,0.10399819203768924,0.998389972672406,6.040625212540017e-12,0.9999998605888066,0.2519998939038974,0.015211140909173575,0.1850702517039137,0.0011233904106285504,0.6025542478351346,0.10399819203768924,0.8274044330260131,1,0.0,0.0,0.0,1.0,86.32738673919812,87.70768320405622,0.885192793791262,0.013234144964149845,0.10157304961927087,9753bc49b6d8baa6ae7a61c53d266c9e55e6f866ecc0e741e39e0e569702801b,ola2_taxonomy_v1,False,UNKNOWN,FUNCTIONAL_LOCK,VIABLE,A,True,631d30bc180a91a7,ring_2:FUNCTIONAL_LOCK:Roob_PE1_H1,R=0.603 PE=0.185 H=0.252 evals=4
88cbc6c0ac435d787e583389a5befecdda51faaee01aa413239ded76023271e8,complete_4,4,6,1.0,3.0,0.0,2,{},{},{},,ola2_taxonomy_v1,UNKNOWN,R_mean_lastW=na|entropy_quality=na|memory_score_k10=na|phase_var_lastW=na,True,True,4,4,4,4,4,True,True,4,True,0,0,0.0,1.0,0.5690897930632692,0.09292842899597263,0.26353882035948595,0.07121698216643513,0.5009613020955884,0.019388014029578227,0.951047376192224,0.0001439100193435967,0.9981632263978469,0.5690897930632692,0.09292842899597263,0.26353882035948595,0.07121698216643513,0.5009613020955884,0.019388014029578227,0.7297666352558988,1,0.0,0.0,0.0,1.0,174.8921658527688,176.0294049944845,0.5743333853644377,0.06076225183401068,0.3649043614500135,04d6128385847135d5d5c51619122de1f2b8d4bbbc21c13fb755ab6205456933,ola2_taxonomy_v1,False,UNKNOWN,FUNCTIONAL_LOCK,VIABLE,B,True,340262789e51cbcb,complete_4:FUNCTIONAL_LOCK:Roob_PE2_H3,R=0.501 PE=0.264 H=0.569 evals=4
c97849100cd76ca812d56e8ca8ec52bc1faf2e9a27dedd2eee081fdeb41a63cb,ring_3,3,3,1.0,2.0,0.0,2,{},{},{},,ola2_taxonomy_v1,UNKNOWN,R_mean_lastW=na|entropy_quality=na|memory_score_k10=na|phase_var_lastW=na,True,True,4,4,4,4,4,True,True,4,True,0,0,0.0,1.0,0.45493980532703265,0.050562579962256805,0.1980225683695045,0.011876609642551697,0.5719150985810854,0.05085098631310756,0.9712124203962218,1.414099665568244e-07,0.9999200727783221,0.45493980532703265,0.050562579962256805,0.1980225683695045,0.011876609642551697,0.5719150985810854,0.05085098631310756,0.9110864769276624,1,0.0,0.0,0.0,1.0,132.1273961403058,132.69958595097995,0.7190634718935968,0.014195688049920836,0.2667408351552275,4ff108e348bab145d7c08e938a82b9d66f99d48cdf9c0ef0409f463614905839,ola2_taxonomy_v1,False,UNKNOWN,FUNCTIONAL_LOCK,VIABLE,B,True,64df6b42e1735047,ring_3:FUNCTIONAL_LOCK:Roob_PE1_H2,R=0.572 PE=0.198 H=0.455 evals=4
bcc5b87fd6ebd9dc66040e79e689330da9427207d76d0335aceaaaad2100cc0b,ring_2,2,1,1.0,1.0,0.0,2,{},{},{},,ola2_taxonomy_v1,UNKNOWN,R_mean_lastW=na|entropy_quality=na|memory_score_k10=na|phase_var_lastW=na,True,True,4,4,4,4,4,True,True,4,True,0,0,0.0,1.0,0.2967767429689081,0.04947163789831693,0.18637152940322438,0.0011194063834395033,0.6771652685601781,0.09602770140393625,0.9973700441232709,7.326206449942635e-12,0.9999998038252061,0.2967767429689081,0.04947163789831693,0.18637152940322438,0.0011194063834395033,0.6771652685601781,0.09602770140393625,0.8581916322907183,1,0.0,0.0,0.0,1.0,87.45699629175942,87.80674322324339,0.7935582744320752,0.012866720038446938,0.1935749991016187,ac080a748925e0098e6a26b128f332c6af908e84fd4011132020a586e408d734,ola2_taxonomy_v1,False,UNKNOWN,FUNCTIONAL_LOCK,VIABLE,A,True,631d30bc180a91a7,ring_2:FUNCTIONAL_LOCK:Roob_PE1_H1,R=0.677 PE=0.186 H=0.297 evals=4
30621aa803e8a9c904577c8426bf2ff08d598c6e0e069f8f69591f3259b4eab6,ring_2,2,1,1.0,1.0,0.0,2,{},{},{},,ola2_taxonomy_v1,UNKNOWN,R_mean_lastW=na|entropy_quality=na|memory_score_k10=na|phase_var_lastW=na,True,True,4,4,4,4,4,True,True,4,True,0,0,0.0,1.0,0.5319482593748939,0.05161034327290636,0.2035633589367009,0.00344827975616793,0.6572446142638486,0.03896928648993464,0.9366191061648703,5.621047685118709e-09,0.999973734506767,0.5319482593748939,0.05161034327290636,0.2035633589367009,0.00344827975616793,0.6572446142638486,0.03896928648993464,0.9407080930840606,1,0.0,0.0,0.0,1.0,89.66084361920366,90.036414872983,0.6457032004055703,0.058328235096125634,0.2959685587285883,e608661238165ffb34ac13ebfd20d8d4b3a7945dd5e991b7c2e99dda69e6d3b2,ola2_taxonomy_v1,False,UNKNOWN,FUNCTIONAL_LOCK,VIABLE,A,True,ff5438f2dfdb3265,ring_2:FUNCTIONAL_LOCK:Roob_PE2_H3,R=0.657 PE=0.204 H=0.532 evals=4
bf56caf5487d0a541663da280762fd5782c2d2835f9a7c94ca5d9ff3ddab9fdb,ring_2,2,1,1.0,1.0,0.0,2,{},{},{},,ola2_taxonomy_v1,UNKNOWN,R_mean_lastW=na|entropy_quality=na|memory_score_k10=na|phase_var_lastW=na,True,True,4,4,4,4,4,True,True,4,True,0,0,0.0,1.0,0.4096131119500199,0.03809370000255504,0.21261268474791375,0.0068666187103166715,0.6423598471758905,0.03919910272368298,0.9968621167397607,8.266245896147386e-10,0.9999977237749358,0.4096131119500199,0.03809370000255504,0.21261268474791375,0.0068666187103166715,0.6423598471758905,0.03919910272368298,0.9389764119036701,1,0.0,0.0,0.0,1.0,87.1053749297862,87.83969077881193,0.7846574132024936,0.039746551202176246,0.1755960281614412,a5a0afd158eb36b943c98026df74ed91e5232d32cbd5377ac69c8195efe8be32,ola2_taxonomy_v1,False,UNKNOWN,FUNCTIONAL_LOCK,VIABLE,A,True,e1610169dc4e68ad,ring_2:FUNCTIONAL_LOCK:Roob_PE2_H2,R=0.642 PE=0.213 H=0.410 evals=4
75bea7d45d402f7b4729db82c4453cca994b2d4dcdfd5a69990417761a002b6d,ring_2,2,1,1.0,1.0,0.0,2,{},{},{},,ola2_taxonomy_v1,UNKNOWN,R_mean_lastW=na|entropy_quality=na|memory_score_k10=na|phase_var_lastW=na,True,True,4,4,4,4,4,True,True,4,True,0,0,0.0,1.0,0.2771966217264786,0.07986035040001838,0.19104693010437934,0.0014095671743614686,0.7103215884921364,0.025983465757008155,0.9998994381970697,1.6839290106634543e-10,0.9999998160367307,0.2771966217264786,0.07986035040001838,0.19104693010437934,0.0014095671743614686,0.7103215884921364,0.025983465757008155,0.9634201378953361,1,0.0,0.0,0.0,1.0,79.69308564841049,81.5008898580214,0.8359278818259641,0.09060706101305342,0.07346504946624349,93ec71d2f29ec0efeae56b0e5585feb44062f9e1de629e7c195b36825c7d092c,ola2_taxonomy_v1,False,UNKNOWN,FUNCTIONAL_LOCK,VIABLE,A,True,c5b04e6ae0f670fc,ring_2:FUNCTIONAL_LOCK:R0_PE1_H1,R=0.710 PE=0.191 H=0.277 evals=4
fbf2101adc996229674b28d31638742c3b4efa8fe2b75712fae33ac8236f7eef,ring_3,3,3,1.0,2.0,0.0,2,{},{},{},,ola2_taxonomy_v1,UNKNOWN,R_mean_lastW=na|entropy_quality=na|memory_score_k10=na|phase_var_lastW=na,True,True,4,4,4,4,4,True,True,4,True,0,0,0.0,1.0,0.5222702151140972,0.0875313397661131,0.3057062148952634,0.009482190079424828,0.5713342724294987,0.06526708468496777,0.9079743418714397,7.433421433162983e-07,0.9995889640782799,0.5222702151140972,0.0875313397661131,0.3057062148952634,0.009482190079424828,0.5713342724294987,0.06526708468496777,0.8857637501642761,1,0.0,0.0,0.0,1.0,132.07201006246032,133.43599895125953,0.6441775223165014,0.20330960160610628,0.1525128735330242,f4df1fccf03bc4cf3154223c725103a00166b44f8b5b94eb0d58c72cd6af46c2,ola2_taxonomy_v1,False,UNKNOWN,FUNCTIONAL_LOCK,VIABLE,B,True,0da0683c4b5c61df,ring_3:FUNCTIONAL_LOCK:Roob_PE2_H3,R=0.571 PE=0.306 H=0.522 evals=4
daf4deaa9c2a1632cd684a28f583d01653783b321b4c566711f247d7b91eb5d3,ring_3,3,3,1.0,2.0,0.0,2,{},{},{},,ola2_taxonomy_v1,UNKNOWN,R_mean_lastW=na|entropy_quality=na|memory_score_k10=na|phase_var_lastW=na,True,True,4,4,4,4,4,True,True,4,True,0,0,0.0,1.0,0.5241316196165504,0.07504397482194648,0.2134867215046647,0.014835746860102935,0.5409811742752106,0.03626191834178891,0.9831504546254041,1.568212302689431e-09,0.9999916674181343,0.5241316196165504,0.07504397482194648,0.2134867215046647,0.014835746860102935,0.5409811742752106,0.03626191834178891,0.930507402261181,1,0.0,0.0,0.0,1.0,131.73168018693104,133.60679985386088,0.6658508592829641,0.11401115804750774,0.22013798071772306,f3ff189f47157b0d3148a937e9bb866be138ddbfa946c9f9917febfc09a57e9d,ola2_taxonomy_v1,False,UNKNOWN,FUNCTIONAL_LOCK,VIABLE,B,True,0da0683c4b5c61df,ring_3:FUNCTIONAL_LOCK:Roob_PE2_H3,R=0.541 PE=0.213 H=0.524 evals=4
dca6d7902d501b74c655177de0a8c9430e3f444b1a77ae04d5948656bddfa251,ladder_2,4,4,0.6666666666666666,2.0,0.0,2,{},{},{},,ola2_taxonomy_v1,UNKNOWN,R_mean_lastW=na|entropy_quality=na|memory_score_k10=na|phase_var_lastW=na,True,True,4,4,4,4,4,True,True,4,True,0,0,0.0,1.0,0.5277347264618216,0.0652667419505977,0.2047891974044088,0.0029863743241258763,0.4893746989933325,0.022065062271478655,0.9462354400279508,1.3872716598814416e-06,0.9994764920383419,0.5277347264618216,0.0652667419505977,0.2047891974044088,0.0029863743241258763,0.4893746989933325,0.022065062271478655,0.9549117224146088,1,0.0,0.0,0.0,1.0,170.1540139549179,171.7476321775699,0.6877881201873713,0.03932446344045339,0.2728874146561534,bc03855a8f181ea457abc7ad8fb9ac9c19989b46597dbf8a2ceb04499533fd23,ola2_taxonomy_v1,False,UNKNOWN,FUNCTIONAL_LOCK,VIABLE,B,True,c406389cacdb14b8,ladder_2:FUNCTIONAL_LOCK:Roob_PE2_H3,R=0.489 PE=0.205 H=0.528 evals=4
47e5bc603c9e86e9cf9384c43a9f380a7ca6ec0ab7fdd03df11b2b58e955e2fc,ring_2,2,1,1.0,1.0,0.0,2,{},{},{},,ola2_taxonomy_v1,UNKNOWN,R_mean_lastW=na|entropy_quality=na|memory_score_k10=na|phase_var_lastW=na,True,True,4,4,4,4,4,True,True,4,True,0,0,0.0,1.0,0.2924625993966352,0.016410846164832526,0.19045662334463648,0.0038842896532201815,0.6890784251759323,0.08089772544153341,0.9991473526184056,8.433651355406152e-11,0.999999620876087,0.2924625993966352,0.016410846164832526,0.19045662334463648,0.0038842896532201815,0.6890784251759323,0.08089772544153341,0.8826001185265974,1,0.0,0.0,0.0,1.0,85.07027725828812,85.92798946034164,0.8301141158862002,0.005532030462369629,0.16435385024130134,5786704cb1820a12273039c9b4bad7117cc573617609ce060fa68b57f80becdb,ola2_taxonomy_v1,False,UNKNOWN,FUNCTIONAL_LOCK,VIABLE,A,True,631d30bc180a91a7,ring_2:FUNCTIONAL_LOCK:Roob_PE1_H1,R=0.689 PE=0.190 H=0.292 evals=4
8bc32e1622afc44a5e9c3a8a8885b2a2b4abdd6b979899ba766fc8cf9e77d365,ladder_2,4,4,0.6666666666666666,2.0,0.0,2,{},{},{},,ola2_taxonomy_v1,UNKNOWN,R_mean_lastW=na|entropy_quality=na|memory_score_k10=na|phase_var_lastW=na,True,True,4,4,4,4,4,True,True,4,True,0,0,0.0,1.0,0.40865827949315386,0.051979740159223194,0.20954327959153987,0.006503625675110105,0.486890445380155,0.037186828256562034,0.9401081859934677,4.0202838585718165e-05,0.9974567225919831,0.40865827949315386,0.051979740159223194,0.20954327959153987,0.006503625675110105,0.486890445380155,0.037186828256562034,0.9236238282977041,1,0.0,0.0,0.0,1.0,171.26743357017403,172.07400031095602,0.7767661640657172,0.00978422218082206,0.2134496119983446,75a2d247dcadb0b53bcedeb9525c4bfe860198bb03f52d606ad576ca1b641534,ola2_taxonomy_v1,False,UNKNOWN,FUNCTIONAL_LOCK,VIABLE,B,True,19db2fb32bed7851,ladder_2:FUNCTIONAL_LOCK:Roob_PE2_H2,R=0.487 PE=0.210 H=0.409 evals=4
3b5dbdbca8f4e1ebe18974215fa02b263266b7a7db8cd14c3a6c36368c4f1a0c,ring_2,2,1,1.0,1.0,0.0,2,{},{},{},,ola2_taxonomy_v1,UNKNOWN,R_mean_lastW=na|entropy_quality=na|memory_score_k10=na|phase_var_lastW=na,True,True,4,4,4,4,4,True,True,4,True,0,0,0.0,1.0,0.35473126395300725,0.05626484929281744,0.20663674512796196,0.040856185126518826,0.5980898453837983,0.11983290660541218,0.9719734363978146,1.4091013224968706e-10,0.99999720933959,0.35473126395300725,0.05626484929281744,0.20663674512796196,0.040856185126518826,0.5980898453837983,0.11983290660541218,0.7996406266879275,1,0.0,0.0,0.0,1.0,89.4158252987545,90.4234656396089,0.7820865236436032,0.03513642030991944,0.18277704736530223,c6a727e6a084fd2a86ef47d4c642a469f2bbeb2072166be6f65d24e0bccb1d87,ola2_taxonomy_v1,False,UNKNOWN,FUNCTIONAL_LOCK,VIABLE,B,True,e1610169dc4e68ad,ring_2:FUNCTIONAL_LOCK:Roob_PE2_H2,R=0.598 PE=0.207 H=0.355 evals=4
72e72e49a9f8404415a8c819c0b49ebaac1b9bb398ad8411c1feb745fdd14b19,ring_3,3,3,1.0,2.0,0.0,2,{},{},{},,ola2_taxonomy_v1,UNKNOWN,R_mean_lastW=na|entropy_quality=na|memory_score_k10=na|phase_var_lastW=na,True,True,4,4,4,4,4,True,True,4,True,0,0,0.0,1.0,0.6364443973695079,0.1918602186359338,0.3628295204671692,0.0015104492354435196,0.6484190625534648,0.03662741555325974,0.9475852308101093,1.8589868933011732e-09,0.9999844498727357,0.6364443973695079,0.1918602186359338,0.3628295204671692,0.0015104492354435196,0.6484190625534648,0.03662741555325974,0.9435127409594939,1,0.0,0.0,0.0,1.0,130.71798171446426,131.47535518914228,0.34303463418205526,0.5943407162173178,0.06262464783937402,435cb0168cdc490d5af71e3940a3f5f5f5f5f30d39ae8a755b8dccc0c9231c7d,ola2_taxonomy_v1,False,UNKNOWN,FUNCTIONAL_LOCK,VIABLE,A,True,0da0683c4b5c61df,ring_3:FUNCTIONAL_LOCK:Roob_PE2_H3,R=0.648 PE=0.363 H=0.636 evals=4
5136d59fadf09b672cc8409cbb7650e2cd1cf100bf82aa460d61c9e7b3dccf36,complete_4,4,6,1.0,3.0,0.0,2,{},{},{},,ola2_taxonomy_v1,UNKNOWN,R_mean_lastW=na|entropy_quality=na|memory_score_k10=na|phase_var_lastW=na,True,True,4,4,4,4,4,True,True,4,True,0,0,0.0,1.0,0.4786311695306238,0.09697506191342684,0.2405656318021017,0.031837268793728064,0.5134413447397648,0.025196475026735624,0.7842311208753897,0.0010550977499647618,0.9780235249932792,0.4786311695306238,0.09697506191342684,0.2405656318021017,0.031837268793728064,0.5134413447397648,0.025196475026735624,0.8676566201280215,1,0.0,0.0,0.0,1.0,165.5750267325784,178.8587470176164,0.7026757707851105,0.07125137364679596,0.2260728532282873,7e83049586864667a15bc5e16492dfc4d788085b02e478732dd6101502438f7e,ola2_taxonomy_v1,False,UNKNOWN,FUNCTIONAL_LOCK,VIABLE,B,True,88649e81af49a513,complete_4:FUNCTIONAL_LOCK:Roob_PE2_H2,R=0.513 PE=0.241 H=0.479 evals=4
0b94a1bc896111fe5af56f93ae6478111eff4b8e098166c8ad72bf6d72794724,ring_3,3,3,1.0,2.0,0.0,2,{},{},{},,ola2_taxonomy_v1,UNKNOWN,R_mean_lastW=na|entropy_quality=na|memory_score_k10=na|phase_var_lastW=na,True,True,4,4,4,4,4,True,True,4,True,0,0,0.0,1.0,0.38250159634639846,0.09307634045339155,0.19577858945621698,0.01124736063925753,0.53461688129574,0.03677115386718905,0.9966696035679917,2.691938874020817e-06,0.9999449360277884,0.38250159634639846,0.09307634045339155,0.19577858945621698,0.01124736063925753,0.53461688129574,0.03677115386718905,0.9312196169749306,1,0.0,0.0,0.0,1.0,130.443215673964,130.94094486689428,0.790476960047771,0.04965008304860656,0.15987295391210815,28e14db642f6d9e32806f8abd2db7a056cff0a26029a6fd3add3eabbf26cf8c9,ola2_taxonomy_v1,False,UNKNOWN,FUNCTIONAL_LOCK,VIABLE,B,True,64df6b42e1735047,ring_3:FUNCTIONAL_LOCK:Roob_PE1_H2,R=0.535 PE=0.196 H=0.383 evals=4
b066435d57197b58c440b8e8c0abc53397b8f066134ec0361550fe53ba01fff3,ring_4,4,4,0.6666666666666666,2.0,0.0,2,{},{},{},,ola2_taxonomy_v1,UNKNOWN,R_mean_lastW=na|entropy_quality=na|memory_score_k10=na|phase_var_lastW=na,True,True,4,4,4,4,4,True,True,4,True,0,0,0.0,1.0,0.5299649554677985,0.13799826881501095,0.3970838294639475,0.0022566745064825145,0.5679420352573316,0.015039285880721365,0.7578072584823976,0.004057882006547353,0.9458263053825701,0.5299649554677985,0.13799826881501095,0.3970838294639475,0.0022566745064825145,0.5679420352573316,0.015039285880721365,0.9735196816803546,1,0.0,0.0,0.0,1.0,122.36171049647965,160.60473559846866,0.1625888017683378,0.7474702775704789,0.08994092031924782,0869ba2fe013dfb46212de9cd046be924e846bd13f4678fff6d8b182ede936b8,ola2_taxonomy_v1,False,UNKNOWN,FUNCTIONAL_LOCK,VIABLE,B,True,34c0b895c1d9f5c5,ring_4:FUNCTIONAL_LOCK:Roob_PE2_H3,R=0.568 PE=0.397 H=0.530 evals=4
2317fbd4fe55e78daf84272996af6635061b596466cf249218a121965119db93,ring_3,3,3,1.0,2.0,0.0,2,{},{},{},,ola2_taxonomy_v1,UNKNOWN,R_mean_lastW=na|entropy_quality=na|memory_score_k10=na|phase_var_lastW=na,True,True,4,4,4,4,4,True,True,4,True,0,0,0.0,1.0,0.5428494168319532,0.11573945795861006,0.2863978875572323,0.000979252725481294,0.5807863695416244,0.014299715644740568,0.9439070454275001,5.034282079697724e-09,0.9999731851199831,0.5428494168319532,0.11573945795861006,0.2863978875572323,0.000979252725481294,0.5807863695416244,0.014299715644740568,0.9753786996481574,1,0.0,0.0,0.0,1.0,133.41190949297743,134.6168709542835,0.6167132013544018,0.3204959328247676,0.06279086350388675,44f9eebde0a3e737adb70f3c5734ba1ac3b805477b80815d8395ca11aa655f83,ola2_taxonomy_v1,False,UNKNOWN,FUNCTIONAL_LOCK,VIABLE,B,True,0da0683c4b5c61df,ring_3:FUNCTIONAL_LOCK:Roob_PE2_H3,R=0.581 PE=0.286 H=0.543 evals=4
f9481869efb810b7aef46426e4560fb91d4cec78e0301ddf542bb3ab59b24d50,ring_3,3,3,1.0,2.0,0.0,2,{},{},{},,ola2_taxonomy_v1,UNKNOWN,R_mean_lastW=na|entropy_quality=na|memory_score_k10=na|phase_var_lastW=na,True,True,4,4,4,4,4,True,True,4,True,0,0,0.0,1.0,0.45692963973251205,0.1353274755058522,0.24170805486063976,0.05459639352064255,0.5634396803808196,0.03851516622294559,0.9794229517783856,7.202710650605474e-07,0.9998233816191788,0.45692963973251205,0.1353274755058522,0.24170805486063976,0.05459639352064255,0.5634396803808196,0.03851516622294559,0.7741225729853278,1,0.0,0.0,0.0,1.0,131.11320624127984,132.30411678476958,0.6457764698944977,0.09533954653928145,0.25888398108468696,b87d2f7a715d1d4dac169450b6494a9b256f81cff80e959c4764cce2d8e095a6,ola2_taxonomy_v1,False,UNKNOWN,FUNCTIONAL_LOCK,VIABLE,B,True,6357695ae876ac33,ring_3:FUNCTIONAL_LOCK:Roob_PE2_H2,R=0.563 PE=0.242 H=0.457 evals=4
a1d313d996bcfca272dc775d339e9c37f24884d5285ecca2de954fd2a4115827,ring_2,2,1,1.0,1.0,0.0,2,{},{},{},,ola2_taxonomy_v1,UNKNOWN,R_mean_lastW=na|entropy_quality=na|memory_score_k10=na|phase_var_lastW=na,True,True,4,4,4,4,4,True,True,4,True,0,0,0.0,1.0,0.34334921314310063,0.08779746556006397,0.19406159715539062,0.006439739893219011,0.6837828194015574,0.03501551116556866,0.9928726428975558,8.887147052761154e-12,0.999999644706059,0.34334921314310063,0.08779746556006397,0.19406159715539062,0.006439739893219011,0.6837828194015574,0.03501551116556866,0.9487914727132015,1,0.0,0.0,0.0,1.0,89.4096598692704,92.06009996784852,0.83907147477167,0.02686816324805113,0.13406035754824083,7d15e4bfbcd85c435419a47c5e70393b1c991d401d86fa86b2a665be41d5372a,ola2_taxonomy_v1,False,UNKNOWN,FUNCTIONAL_LOCK,VIABLE,A,True,3a4d99d5b841605f,ring_2:FUNCTIONAL_LOCK:Roob_PE1_H2,R=0.684 PE=0.194 H=0.343 evals=4
8ebd263d4bf7f82e934c8407ab32b99a7b344b8a90dad44382276a53a6b10bd1,ring_3,3,3,1.0,2.0,0.0,2,{},{},{},,ola2_taxonomy_v1,UNKNOWN,R_mean_lastW=na|entropy_quality=na|memory_score_k10=na|phase_var_lastW=na,True,True,4,4,4,4,4,True,True,4,True,0,0,0.0,1.0,0.5140039259907363,0.016268191218203908,0.20671798217833132,0.0067081674845808695,0.5621697667008014,0.029643524120219943,0.960052877283571,7.648553787220572e-08,0.9999275093120094,0.5140039259907363,0.016268191218203908,0.20671798217833132,0.0067081674845808695,0.5621697667008014,0.029643524120219943,0.9472694444345726,1,0.0,0.0,0.0,1.0,135.83619593491312,138.22883899633308,0.727266826676088,0.03620611569037673,0.23652705620121556,ee4e2a1dab6ba67a48709340bf8faaa3beaf30ae92b317dee6a620e3b1365571,ola2_taxonomy_v1,False,UNKNOWN,FUNCTIONAL_LOCK,VIABLE,B,True,0da0683c4b5c61df,ring_3:FUNCTIONAL_LOCK:Roob_PE2_H3,R=0.562 PE=0.207 H=0.514 evals=4
af18afe2d02254f043c6ab113269ba27980e13a4fbe18a29935957f9205049e8,ring_2,2,1,1.0,1.0,0.0,2,{},{},{},,ola2_taxonomy_v1,UNKNOWN,R_mean_lastW=na|entropy_quality=na|memory_score_k10=na|phase_var_lastW=na,True,True,4,4,4,4,4,True,True,4,True,0,0,0.0,1.0,0.5061560210554819,0.040099108666293605,0.21057499448089056,0.023111982117725454,0.736949639095343,0.056167045873539365,0.9858985000533111,4.530668490085735e-10,0.9999964381779162,0.5061560210554819,0.040099108666293605,0.21057499448089056,0.023111982117725454,0.736949639095343,0.056167045873539365,0.8902434632625725,1,0.0,0.0,0.0,1.0,90.993923943548,92.86691721996758,0.6450873649655724,0.05808957272402648,0.296823054152419,d2e8e6b6d950d662df3924e59052f4dfbc2047a964a8286f20b1aac09f433eaa,ola2_taxonomy_v1,False,UNKNOWN,FUNCTIONAL_LOCK,VIABLE,A,True,139c4319dd42d899,ring_2:FUNCTIONAL_LOCK:R0_PE2_H3,R=0.737 PE=0.211 H=0.506 evals=4
2cda9d21c2704df2fdabed9ec62fbae987d975b233c834e77587a483b0a25ee2,ladder_2,4,4,0.6666666666666666,2.0,0.0,2,{},{},{},,ola2_taxonomy_v1,UNKNOWN,R_mean_lastW=na|entropy_quality=na|memory_score_k10=na|phase_var_lastW=na,True,True,4,4,4,4,4,True,True,4,True,0,0,0.0,1.0,0.5319588238409121,0.06117903236685637,0.26069789322468356,0.03461591425595342,0.549034199608671,0.01970831364978845,0.8727941568495616,3.3003169624391174e-06,0.9995716499127077,0.5319588238409121,0.06117903236685637,0.26069789322468356,0.03461591425595342,0.549034199608671,0.01970831364978845,0.867218281560413,1,0.0,0.0,0.0,1.0,176.45294272631872,177.6323140362627,0.665400946659135,0.09447568816145699,0.24012336291163083,767b00e1424658b5f8bfd6107cf997e50c3489b6fb5ad1e03a73ef904285b5fa,ola2_taxonomy_v1,False,UNKNOWN,FUNCTIONAL_LOCK,VIABLE,B,True,c406389cacdb14b8,ladder_2:FUNCTIONAL_LOCK:Roob_PE2_H3,R=0.549 PE=0.261 H=0.532 evals=4
a08b6e5f90bcc1147d3181eb5fb4881a3d9e2d458ed6b508b5a18821a12a4542,ring_2,2,1,1.0,1.0,0.0,2,{},{},{},,ola2_taxonomy_v1,UNKNOWN,R_mean_lastW=na|entropy_quality=na|memory_score_k10=na|phase_var_lastW=na,True,True,4,4,4,4,4,True,True,4,True,0,0,0.0,1.0,0.3419296462439241,0.06125347526683584,0.21520879217741587,0.0009301767173413076,0.646035659130346,0.056857576185113404,0.9914328891652882,2.919677755719582e-11,0.9999992942227667,0.3419296462439241,0.06125347526683584,0.21520879217741587,0.0009301767173413076,0.646035659130346,0.056857576185113404,0.9119900343246508,1,0.0,0.0,0.0,1.0,90.13760286825709,92.63679136687423,0.6764709994604935,0.008640384343394763,0.31488861246906485,ccefdabfccd69a8da7dc7ef01b9b21252377e73d4c23147fe6950c33f460e445,ola2_taxonomy_v1,False,UNKNOWN,FUNCTIONAL_LOCK,VIABLE,A,True,e1610169dc4e68ad,ring_2:FUNCTIONAL_LOCK:Roob_PE2_H2,R=0.646 PE=0.215 H=0.342 evals=4
2ee93b125d519edc008b0619606047b59891cc326c42b2de94d439ffdb8a9a3d,ring_2,2,1,1.0,1.0,0.0,2,{},{},{},,ola2_taxonomy_v1,UNKNOWN,R_mean_lastW=na|entropy_quality=na|memory_score_k10=na|phase_var_lastW=na,True,True,4,4,4,4,4,True,True,4,True,0,0,0.0,1.0,0.3463592528718421,0.17638015161811554,0.18706973125402215,0.007845185443077565,0.6698671147979369,0.021107352020983752,0.9988856836026668,5.7241787903298e-12,0.9999998870843202,0.3463592528718421,0.17638015161811554,0.18706973125402215,0.007845185443077565,0.6698671147979369,0.021107352020983752,0.9580627748247279,1,0.0,0.0,0.0,1.0,82.85799649258843,83.98869424534496,0.801295226875109,0.05082964208457648,0.14787512001719785,a5e86cac3559e19cdb798b0aef47e1a1c1c4785e6777e7dfd2830b13844a9c20,ola2_taxonomy_v1,False,UNKNOWN,FUNCTIONAL_LOCK,VIABLE,A,True,3a4d99d5b841605f,ring_2:FUNCTIONAL_LOCK:Roob_PE1_H2,R=0.670 PE=0.187 H=0.346 evals=4
0036f9c5913e34fd327ab78cc9e3debab6d4fe9190d967b45e343d589cc08f29,ring_4,4,4,0.6666666666666666,2.0,0.0,2,{},{},{},,ola2_taxonomy_v1,UNKNOWN,R_mean_lastW=na|entropy_quality=na|memory_score_k10=na|phase_var_lastW=na,True,True,4,4,4,4,4,True,True,4,True,0,0,0.0,1.0,0.44596903520440595,0.08113455916961095,0.19578294198136562,0.003954643394006833,0.5340525521881643,0.03356442173627362,0.9276552348573541,9.383404051278589e-08,0.9999801878956043,0.44596903520440595,0.08113455916961095,0.19578294198136562,0.003954643394006833,0.5340525521881643,0.03356442173627362,0.9371514627188828,1,0.0,0.0,0.0,1.0,174.42376640153816,175.7894182808115,0.7660254705280888,0.05945211670636537,0.1745224106078107,8b16a6aacc54471813865ceb8ee6371b08fda058cdae8f10611cb9ce0160101c,ola2_taxonomy_v1,False,UNKNOWN,FUNCTIONAL_LOCK,VIABLE,B,True,d738d5cef90d6aa4,ring_4:FUNCTIONAL_LOCK:Roob_PE1_H2,R=0.534 PE=0.196 H=0.446 evals=4
8dbf4f35d73b10a8ae83774e5d72d69f98574aa00d9db0cf93b665b0a0ec7f1a,ring_2,2,1,1.0,1.0,0.0,2,{},{},{},,ola2_taxonomy_v1,UNKNOWN,R_mean_lastW=na|entropy_quality=na|memory_score_k10=na|phase_var_lastW=na,True,True,4,4,4,4,4,True,True,4,True,0,0,0.0,1.0,0.5708085239246903,0.08048544400502719,0.31474730455509536,0.04317084534281526,0.6763712981767029,0.022431193534074013,0.9798062419576451,7.312483804034569e-09,0.9999828992410429,0.5708085239246903,0.08048544400502719,0.31474730455509536,0.04317084534281526,0.6763712981767029,0.022431193534074013,0.8628396662400699,1,0.0,0.0,0.0,1.0,90.13165872369427,90.87454567801906,0.5585718177254922,0.20504594711566676,0.23638223104715406,841bae93ded053f00f91c2f8cee0bfae1994dd04b59f20c9c4dcf4a2e1d8a91a,ola2_taxonomy_v1,False,UNKNOWN,FUNCTIONAL_LOCK,VIABLE,A,True,ff5438f2dfdb3265,ring_2:FUNCTIONAL_LOCK:Roob_PE2_H3,R=0.676 PE=0.315 H=0.571 evals=4
c49ea023d1ffcf738df789b3eff5a11b114ab906213e995cbc36fd196a2da927,bipartite_2_2,4,4,0.6666666666666666,2.0,0.0,2,{},{},{},,ola2_taxonomy_v1,UNKNOWN,R_mean_lastW=na|entropy_quality=na|memory_score_k10=na|phase_var_lastW=na,True,True,4,4,4,4,4,True,True,4,True,0,0,0.0,1.0,0.6449780288668739,0.28962358712678477,0.36426496864956526,0.05939362130092962,0.5469917156131512,0.02494922406911104,0.8680576422527838,0.0003229273776828957,0.9885284931745703,0.6449780288668739,0.28962358712678477,0.36426496864956526,0.05939362130092962,0.5469917156131512,0.02494922406911104,0.8369494010881178,1,0.0,0.0,0.0,1.0,175.8365397216985,176.94220529554877,0.3325601806066743,0.5058937926113333,0.16154602643164676,f36e51ba461c78ceaae6d14bc4cf30f46e36d1bde14cb5b9eeece929334acb6c,ola2_taxonomy_v1,False,UNKNOWN,FUNCTIONAL_LOCK,VIABLE,B,True,7cd2b5aea0f64b1d,bipartite_2_2:FUNCTIONAL_LOCK:Roob_PE2_H3,R=0.547 PE=0.364 H=0.645 evals=4
e8e74bb6b3fbf8edd160346707ef75c5301ae971699bf0f54977bc57387405ba,ring_2,2,1,1.0,1.0,0.0,2,{},{},{},,ola2_taxonomy_v1,UNKNOWN,R_mean_lastW=na|entropy_quality=na|memory_score_k10=na|phase_var_lastW=na,True,True,4,4,4,4,4,True,True,4,True,0,0,0.0,1.0,0.5802901435037758,0.19485673095354045,0.33506163787866905,0.02122503878807174,0.7073735375592399,0.023887748155558046,0.9358720188204412,3.271329511726311e-10,0.9999936273810147,0.5802901435037758,0.19485673095354045,0.33506163787866905,0.02122503878807174,0.7073735375592399,0.023887748155558046,0.9366533306455165,1,0.0,0.0,0.0,1.0,89.89507596805925,90.65096056354233,0.38379354524565734,0.5166035920909593,0.09960285992350126,617a3a6340ccfc5068787dd8643bad2994dd573833172c32bb5bb0d2e6f824a9,ola2_taxonomy_v1,False,UNKNOWN,FUNCTIONAL_LOCK,VIABLE,A,True,139c4319dd42d899,ring_2:FUNCTIONAL_LOCK:R0_PE2_H3,R=0.707 PE=0.335 H=0.580 evals=4
16b6825d7439fcd0d8aad502d67a5a8b8144be2b7ee7a695897cfc7e806ff9dd,ring_3,3,3,1.0,2.0,0.0,2,{},{},{},,ola2_taxonomy_v1,UNKNOWN,R_mean_lastW=na|entropy_quality=na|memory_score_k10=na|phase_var_lastW=na,True,True,4,4,4,4,4,True,True,4,True,0,0,0.0,1.0,0.3753162849841228,0.11690601410441132,0.1968834771839384,0.005616868025291794,0.5085476357673203,0.028276308337503494,0.9703243095505552,2.3180198274005672e-08,0.999964445335839,0.3753162849841228,0.11690601410441132,0.1968834771839384,0.005616868025291794,0.5085476357673203,0.028276308337503494,0.9443979160480436,1,0.0,0.0,0.0,1.0,131.5863733785227,132.95691683259793,0.7976159482392876,0.021731645349283325,0.1806524027263808,c815b4d46665847d1aaf5eae053ed3b9f7c9606d489cd92edb217b362523ee38,ola2_taxonomy_v1,False,UNKNOWN,FUNCTIONAL_LOCK,VIABLE,B,True,64df6b42e1735047,ring_3:FUNCTIONAL_LOCK:Roob_PE1_H2,R=0.509 PE=0.197 H=0.375 evals=4
2d06a8ca65f63d80688c6ba95cb62b9333762a3676ee7ad56684f1cdb1872f0e,ring_3,3,3,1.0,2.0,0.0,2,{},{},{},,ola2_taxonomy_v1,UNKNOWN,R_mean_lastW=na|entropy_quality=na|memory_score_k10=na|phase_var_lastW=na,True,True,4,4,4,4,4,True,True,4,True,0,0,0.0,1.0,0.2853534559609983,0.27895502601912325,0.3471303840643144,0.14522919121594122,0.5835132490394312,0.034794785749304974,0.921103997213721,2.0310545314214436e-06,0.999373648199683,0.2853534559609983,0.27895502601912325,0.3471303840643144,0.14522919121594122,0.5835132490394312,0.034794785749304974,0.5816292727949912,1,0.0,0.0,0.0,1.0,132.43031676847022,133.13251261807744,0.31465658699958493,0.01048587950604491,0.6748575322945551,80e87a35c708cfa811a18613569c81d0ab6efb61865c7c1b852c66ef9c6284d0,ola2_taxonomy_v1,False,UNKNOWN,FUNCTIONAL_LOCK,VIABLE,B,True,1fb225336c283f91,ring_3:FUNCTIONAL_LOCK:Roob_PE2_H1,R=0.584 PE=0.347 H=0.285 evals=4
cd23b782b5a629b894441350922aa552593ddc9953981021caeef82e7748330f,ring_2,2,1,1.0,1.0,0.0,2,{},{},{},,ola2_taxonomy_v1,UNKNOWN,R_mean_lastW=na|entropy_quality=na|memory_score_k10=na|phase_var_lastW=na,True,True,4,4,4,4,4,True,True,4,True,0,0,0.0,1.0,0.3397656491130992,0.10451601839847813,0.23526097994155915,0.0003872116509946584,0.7417220350163474,0.01887750760686734,0.9188296092771954,2.1018411063463105e-08,0.9999427891113037,0.3397656491130992,0.10451601839847813,0.23526097994155915,0.0003872116509946584,0.7417220350163474,0.01887750760686734,0.9745490807665552,1,0.0,0.0,0.0,1.0,89.58512269001221,90.14700414519757,0.7599989045606734,0.04963970836160953,0.1903613801537448,e2fcd897511cde8ef7ec7a212176a59b6ef4bdd5cd01f929b47ee26b0282ea88,ola2_taxonomy_v1,False,UNKNOWN,FUNCTIONAL_LOCK,VIABLE,A,True,29a6648d414db444,ring_2:FUNCTIONAL_LOCK:R0_PE2_H2,R=0.742 PE=0.235 H=0.340 evals=4
eaf515098d91cf222e5eebea1d7c11140b1d12522a46573fd40ac95c2fde3f55,ladder_2,4,4,0.6666666666666666,2.0,0.0,2,{},{},{},,ola2_taxonomy_v1,UNKNOWN,R_mean_lastW=na|entropy_quality=na|memory_score_k10=na|phase_var_lastW=na,True,True,4,4,4,4,4,True,True,4,True,0,0,0.0,1.0,0.6269342217914531,0.030090578338518293,0.34072687279739106,0.04898486032781636,0.49641443307458877,0.008416303683121903,0.9137481204135188,7.058552711636991e-06,0.9989679700649303,0.6269342217914531,0.030090578338518293,0.34072687279739106,0.04898486032781636,0.49641443307458877,0.008416303683121903,0.8562342326402163,1,0.0,0.0,0.0,1.0,176.0526372443419,177.34318688880884,0.45634824544047536,0.3768637942081023,0.16678795803988722,522d84b3d3a07c7b909522bcac432b451dae8ee83fa3122c806a2f6b0958f8eb,ola2_taxonomy_v1,False,UNKNOWN,FUNCTIONAL_LOCK,VIABLE,B,True,c406389cacdb14b8,ladder_2:FUNCTIONAL_LOCK:Roob_PE2_H3,R=0.496 PE=0.341 H=0.627 evals=4
e612df2635422be30052041461c45c9aa26b43821f8ec343c35206e7f36db45f,bipartite_2_2,4,4,0.6666666666666666,2.0,0.0,2,{},{},{},,ola2_taxonomy_v1,UNKNOWN,R_mean_lastW=na|entropy_quality=na|memory_score_k10=na|phase_var_lastW=na,True,True,4,4,4,4,4,True,True,4,True,0,0,0.0,1.0,0.6044637054633183,0.14052664103577223,0.330930906106619,0.048745737780257356,0.5451312033815213,0.01588405328762695,0.7649537193898815,0.0019364681207704084,0.9655822607095248,0.6044637054633183,0.14052664103577223,0.330930906106619,0.048745737780257356,0.5451312033815213,0.01588405328762695,0.8527011624458173,1,0.0,0.0,0.0,1.0,128.38982879754622,166.7504465941689,0.3300074821437407,0.5509266974972049,0.1190658195383564,b2507579799ce8fe3ce9c9392de08ab6d6a345bc72a520b9f36c102509895b03,ola2_taxonomy_v1,False,UNKNOWN,FUNCTIONAL_LOCK,VIABLE,B,True,7cd2b5aea0f64b1d,bipartite_2_2:FUNCTIONAL_LOCK:Roob_PE2_H3,R=0.545 PE=0.331 H=0.604 evals=4
2bfe72df513b1ca04f820e1f418191998931f56306b65e9d5d849c4754539800,ring_2,2,1,1.0,1.0,0.0,2,{},{},{},,ola2_taxonomy_v1,UNKNOWN,R_mean_lastW=na|entropy_quality=na|memory_score_k10=na|phase_var_lastW=na,True,True,4,4,4,4,4,True,True,4,True,0,0,0.0,1.0,0.2981948079510124,0.13894919741687842,0.24240223476538614,0.03630098567091451,0.6740926157413429,0.007804278458260417,0.9103094449811715,1.4252284592989589e-08,0.9999505885612949,0.2981948079510124,0.13894919741687842,0.24240223476538614,0.03630098567091451,0.6740926157413429,0.007804278458260417,0.8502448390954433,1,0.0,0.0,0.0,1.0,90.61020991409896,93.45214475907851,0.44713575317591936,0.010125152526141153,0.5427390926522013,63fd576f3a7de3d9ccd6b72c1ef328ba08ad15132a804ecc55080b8529464740,ola2_taxonomy_v1,False,UNKNOWN,FUNCTIONAL_LOCK,VIABLE,A,True,f261b0e8f0b24da2,ring_2:FUNCTIONAL_LOCK:Roob_PE2_H1,R=0.674 PE=0.242 H=0.298 evals=4
713dac30a848acabcb10c7ccab1b8ed073edda8c238e619ac39e4db07840e916,ring_4,4,4,0.6666666666666666,2.0,0.0,2,{},{},{},,ola2_taxonomy_v1,UNKNOWN,R_mean_lastW=na|entropy_quality=na|memory_score_k10=na|phase_var_lastW=na,True,True,4,4,4,4,4,True,True,4,True,0,0,0.0,1.0,0.4661882401879131,0.09564000402629676,0.19190132856788222,0.005587661121983416,0.48626773806969115,0.04532117099687737,0.7729824554775857,0.005892348328815534,0.9441711644293016,0.4661882401879131,0.09564000402629676,0.19190132856788222,0.005587661121983416,0.48626773806969115,0.04532117099687737,0.9067979068963403,1,0.0,0.0,0.0,1.0,140.5525295015541,174.4924380667857,0.7293314972863569,0.10210618267255442,0.16856231818146128,272937542fd837d77fd1fa0a056191cd3dd1049a1a09b4a5d278e8ff28e7482b,ola2_taxonomy_v1,False,UNKNOWN,FUNCTIONAL_LOCK,VIABLE,B,True,d738d5cef90d6aa4,ring_4:FUNCTIONAL_LOCK:Roob_PE1_H2,R=0.486 PE=0.192 H=0.466 evals=4
309e2fca45be70b296ad3005bbc5c9ece508a6929e1e0a444cd6cea038e8464a,ring_2,2,1,1.0,1.0,0.0,2,{},{},{},,ola2_taxonomy_v1,UNKNOWN,R_mean_lastW=na|entropy_quality=na|memory_score_k10=na|phase_var_lastW=na,True,True,4,4,4,4,4,True,True,4,True,0,0,0.0,1.0,0.4785818071159792,0.1988968411689132,0.33800087730628303,0.01614519014390194,0.6868986358758324,0.014088556721185398,0.9987340958270927,8.634084902492395e-12,0.9999998521961352,0.4785818071159792,0.1988968411689132,0.33800087730628303,0.01614519014390194,0.6868986358758324,0.014088556721185398,0.9522332892370815,1,0.0,0.0,0.0,1.0,85.63681518851081,86.89856951691908,0.24385627629301526,0.212823182383562,0.5433205396855432,c2f2a833ca4855e57afa0ff17816ef7c027ab62dc32b4591b1c316c6f67ede5d,ola2_taxonomy_v1,False,UNKNOWN,FUNCTIONAL_LOCK,VIABLE,A,True,e1610169dc4e68ad,ring_2:FUNCTIONAL_LOCK:Roob_PE2_H2,R=0.687 PE=0.338 H=0.479 evals=4
73b0f43aedfae82b179ab3c2b39a84071942e0df70fbc43d9a8594ecd660f14b,ring_3,3,3,1.0,2.0,0.0,2,{},{},{},,ola2_taxonomy_v1,UNKNOWN,R_mean_lastW=na|entropy_quality=na|memory_score_k10=na|phase_var_lastW=na,True,True,4,4,4,4,4,True,True,4,True,0,0,0.0,1.0,0.5567246591940571,0.23246482537310084,0.3520290086876521,0.0013686172091827134,0.5717741888536427,0.00958459153373293,0.9887854386614261,3.789839961578805e-10,0.9999968678845669,0.5567246591940571,0.23246482537310084,0.3520290086876521,0.0013686172091827134,0.5717741888536427,0.00958459153373293,0.98323710352692,1,0.0,0.0,0.0,1.0,133.04460879479302,134.13782807654934,0.3318475656769452,0.5006321169566305,0.16752031627303163,8040cb321e8154b83c2225f6aa76320a7a8acadd2d181eb88a78b58e16e9af1c,ola2_taxonomy_v1,False,UNKNOWN,FUNCTIONAL_LOCK,VIABLE,B,True,0da0683c4b5c61df,ring_3:FUNCTIONAL_LOCK:Roob_PE2_H3,R=0.572 PE=0.352 H=0.557 evals=4
1422ed2a6c43db52d3368fc895ea9858fd99232614b099d95352325048ecb822,ring_2,2,1,1.0,1.0,0.0,2,{},{},{},,ola2_taxonomy_v1,UNKNOWN,R_mean_lastW=na|entropy_quality=na|memory_score_k10=na|phase_var_lastW=na,True,True,4,4,4,4,4,True,True,4,True,0,0,0.0,1.0,0.2396089105824791,0.23404792033619562,0.4592502940881172,0.0755356248142895,0.6833176568736381,0.06370558819300771,0.9803677309247093,1.7735434506635408e-10,0.9999973740750466,0.2396089105824791,0.23404792033619562,0.4592502940881172,0.0755356248142895,0.6833176568736381,0.06370558819300771,0.8355240578249987,1,0.0,0.0,0.0,1.0,89.32409676426323,90.17172850820934,0.07540761595485812,0.02363079545439816,0.9009615880678636,a96905745925302418cb606e09f301f5333e861d6ec38a05d0521efb0f384db3,ola2_taxonomy_v1,False,UNKNOWN,FUNCTIONAL_LOCK,VIABLE,A,True,f0557bf15eafec94,ring_2:FUNCTIONAL_LOCK:Roob_PE3_H1,R=0.683 PE=0.459 H=0.240 evals=4
2fb708189ca894f42867e31b2d1a6b6da40e4a1ce3410d2b3193b4005976865a,ring_2,2,1,1.0,1.0,0.0,2,{},{},{},,ola2_taxonomy_v1,UNKNOWN,R_mean_lastW=na|entropy_quality=na|memory_score_k10=na|phase_var_lastW=na,True,True,4,4,4,4,4,True,True,4,True,0,0,0.0,1.0,0.5160794330374706,0.21000950935603807,0.35120222771152354,0.0018942130030806484,0.6612232067163324,0.005393299446868652,0.9652056759360139,2.1687179381939187e-10,0.9999961491228309,0.5160794330374706,0.21000950935603807,0.35120222771152354,0.0018942130030806484,0.6612232067163324,0.005393299446868652,0.9918434510584526,1,0.0,0.0,0.0,1.0,90.28672576101962,91.81938686644426,0.20342513038266102,0.7393995639472414,0.057175304857607384,fa6ec0272425e87602e07f905ef28b4d3a152661024116b517ae04402ac4054d,ola2_taxonomy_v1,False,UNKNOWN,FUNCTIONAL_LOCK,VIABLE,A,True,ff5438f2dfdb3265,ring_2:FUNCTIONAL_LOCK:Roob_PE2_H3,R=0.661 PE=0.351 H=0.516 evals=4
d460fdee888419940e520dbd88b16dddafdde8b25b2ee6cf732d998a0adac20f,bipartite_2_2,4,4,0.6666666666666666,2.0,0.0,2,{},{},{},,ola2_taxonomy_v1,UNKNOWN,R_mean_lastW=na|entropy_quality=na|memory_score_k10=na|phase_var_lastW=na,True,True,4,4,4,4,4,True,True,4,True,0,0,0.0,1.0,0.6940752793185724,0.11919541548371193,0.3241039586786142,0.0005970337704412084,0.4895637979800183,0.021014638962035655,0.9395757649252471,0.0005190883364182364,0.9908672515359169,0.6940752793185724,0.11919541548371193,0.3241039586786142,0.0005970337704412084,0.4895637979800183,0.021014638962035655,0.9570747693176174,1,0.0,0.0,0.0,1.0,174.17690661299275,174.35294546186924,0.21944452920823726,0.45631696815400336,0.32423850184719744,6909dd08d657b84e2d1763f301edc22d4ab76b96406e047cee3eeac93878bb57,ola2_taxonomy_v1,False,UNKNOWN,FUNCTIONAL_LOCK,VIABLE,B,True,7cd2b5aea0f64b1d,bipartite_2_2:FUNCTIONAL_LOCK:Roob_PE2_H3,R=0.490 PE=0.324 H=0.694 evals=4
19bec4351b23cfdb5aefa0afd101d79a82bdf0babfc0aa1fbab00736c9d54bbf,ring_2,2,1,1.0,1.0,0.0,2,{},{},{},,ola2_taxonomy_v1,UNKNOWN,R_mean_lastW=na|entropy_quality=na|memory_score_k10=na|phase_var_lastW=na,True,True,4,4,4,4,4,True,True,4,True,0,0,0.0,1.0,0.21507782687017515,0.027044163469736933,0.2152775036835494,0.0005281788476708219,0.7203126373547093,0.04379663198917901,0.968057157029668,4.4305950563484244e-10,0.9999947223983917,0.21507782687017515,0.027044163469736933,0.2152775036835494,0.0005281788476708219,0.7203126373547093,0.04379663198917901,0.9391977459259654,1,0.0,0.0,0.0,1.0,90.51528688997496,91.0649093880551,0.8966563650597283,0.045207721559863516,0.058135907551785604,4ecb505919144646603cb1c8648e61ebe9bc5de340eb39259c68312d7e4a321b,ola2_taxonomy_v1,False,UNKNOWN,FUNCTIONAL_LOCK,VIABLE,A,True,fb7350f7dc10dcaf,ring_2:FUNCTIONAL_LOCK:R0_PE2_H1,R=0.720 PE=0.215 H=0.215 evals=4
4c2fb34e595d57a1e392321d1f5439bc743db2d0e66e8c145db3649acf941023,ring_2,2,1,1.0,1.0,0.0,2,{},{},{},,ola2_taxonomy_v1,UNKNOWN,R_mean_lastW=na|entropy_quality=na|memory_score_k10=na|phase_var_lastW=na,True,True,4,4,4,4,4,True,True,4,True,0,0,0.0,1.0,0.3934554392102498,0.26741377322262844,0.243362699332562,0.06850807331819929,0.6557166246963638,0.025455733956561685,0.7806522064166456,0.00011678520255833724,0.9932564306079756,0.3934554392102498,0.26741377322262844,0.243362699332562,0.06850807331819929,0.6557166246963638,0.025455733956561685,0.718493945431707,1,0.0,0.0,0.0,1.0,91.1798419552506,91.7960930636851,0.21896519473336545,0.009063609930213417,0.7719711925741501,890a4805518c88dbc7d02b2890c621a5eadcb29006a43dd580a93062a1acfb99,ola2_taxonomy_v1,False,UNKNOWN,FUNCTIONAL_LOCK,VIABLE,A,True,e1610169dc4e68ad,ring_2:FUNCTIONAL_LOCK:Roob_PE2_H2,R=0.656 PE=0.243 H=0.393 evals=4
923dfe898e38fc7d796c18d558db23c48b4322c3942e3a1a3321d23cebce1175,ring_2,2,1,1.0,1.0,0.0,2,{},{},{},,ola2_taxonomy_v1,UNKNOWN,R_mean_lastW=na|entropy_quality=na|memory_score_k10=na|phase_var_lastW=na,True,True,4,4,4,4,4,True,True,4,True,0,0,0.0,1.0,0.324134355777795,0.056923277847696435,0.21660454254489236,0.0013380264722467846,0.7178214982611303,0.022479940160720597,0.9142213610762654,3.796908664953587e-09,0.9999750321786228,0.324134355777795,0.056923277847696435,0.21660454254489236,0.0013380264722467846,0.7178214982611303,0.022479940160720597,0.9686831054584231,1,0.0,0.0,0.0,1.0,90.7817659812863,91.97487905713497,0.8588643354411492,0.028254002343880855,0.1128816505514041,4311f5a24a6c413983bc190d5e253f0ccbfe24af30451fa902d271f5ee274786,ola2_taxonomy_v1,False,UNKNOWN,FUNCTIONAL_LOCK,VIABLE,A,True,29a6648d414db444,ring_2:FUNCTIONAL_LOCK:R0_PE2_H2,R=0.718 PE=0.217 H=0.324 evals=4
bc97c98e817aa702b18a5470f90eb57a77c248818d931a6ab310309878aecd98,ring_2,2,1,1.0,1.0,0.0,2,{},{},{},,ola2_taxonomy_v1,UNKNOWN,R_mean_lastW=na|entropy_quality=na|memory_score_k10=na|phase_var_lastW=na,True,True,4,4,4,4,4,True,True,4,True,0,0,0.0,1.0,0.5028335858307826,0.07924531360469389,0.2050397218712919,0.0012428359614848879,0.6901107214694998,0.03539445026579564,0.8658442136991593,8.890903200333568e-06,0.9985100574052399,0.5028335858307826,0.07924531360469389,0.2050397218712919,0.0012428359614848879,0.6901107214694998,0.03539445026579564,0.9487119252539247,1,0.0,0.0,0.0,1.0,90.48862533131614,91.51644221493044,0.6707560239279168,0.13684177157710925,0.192402199616201,568aef8925dd13f4401ee2be05f6bb6e6620c60c6b0898dfc9cc773239ac161e,ola2_taxonomy_v1,False,UNKNOWN,FUNCTIONAL_LOCK,VIABLE,A,True,ff5438f2dfdb3265,ring_2:FUNCTIONAL_LOCK:Roob_PE2_H3,R=0.690 PE=0.205 H=0.503 evals=4
0da614437804e5b8a14d5b4f0308e523051fe34f39f50c9009817f948216e07e,ring_2,2,1,1.0,1.0,0.0,2,{},{},{},,ola2_taxonomy_v1,UNKNOWN,R_mean_lastW=na|entropy_quality=na|memory_score_k10=na|phase_var_lastW=na,True,True,4,4,4,4,4,True,True,4,True,0,0,0.0,1.0,0.39139736617573834,0.0651311518983711,0.19869290012576105,0.0004178837804093812,0.6705709163557345,0.056072220903753585,0.9402457178558256,2.645490350132543e-10,0.9999944619305929,0.39139736617573834,0.0651311518983711,0.19869290012576105,0.0004178837804093812,0.6705709163557345,0.056072220903753585,0.9163813706557957,1,0.0,0.0,0.0,1.0,90.81134743301664,91.21705530227628,0.7725086062884496,0.0798649606854595,0.14762643004775877,1b3a3a5a4ef8aa5171a8405bc6b67b2788ca044de87fc15da6e3b70ad7fa491f,ola2_taxonomy_v1,False,UNKNOWN,FUNCTIONAL_LOCK,VIABLE,A,True,3a4d99d5b841605f,ring_2:FUNCTIONAL_LOCK:Roob_PE1_H2,R=0.671 PE=0.199 H=0.391 evals=4
391535fd356c81442787e434cde32d3169a13d4f8bc8e0b57d42119eecc709ca,ring_2,2,1,1.0,1.0,0.0,2,{},{},{},,ola2_taxonomy_v1,UNKNOWN,R_mean_lastW=na|entropy_quality=na|memory_score_k10=na|phase_var_lastW=na,True,True,4,4,4,4,4,True,True,4,True,0,0,0.0,1.0,0.38600448948518323,0.26358353484113456,0.35673103156403474,0.02077710857208105,0.6476282522347729,0.004946919518312642,0.9384373436729302,1.7216034580449153e-10,0.999995467364157,0.38600448948518323,0.26358353484113456,0.35673103156403474,0.02077710857208105,0.6476282522347729,0.004946919518312642,0.9417569352433769,1,0.0,0.0,0.0,1.0,90.14165469881846,91.05643622438656,0.17095962083348518,0.7562769542712242,0.07276342314942291,4198fe6f08f56c8f508957b995f4fde03fcd4073015345b934431aa9995d366c,ola2_taxonomy_v1,False,UNKNOWN,FUNCTIONAL_LOCK,VIABLE,A,True,e1610169dc4e68ad,ring_2:FUNCTIONAL_LOCK:Roob_PE2_H2,R=0.648 PE=0.357 H=0.386 evals=4
329b419a7b9c2e8b190f3576aaf6b07d36e024ccf8c8d7934c72abc84f5ba1d8,ring_3,3,3,1.0,2.0,0.0,2,{},{},{},,ola2_taxonomy_v1,UNKNOWN,R_mean_lastW=na|entropy_quality=na|memory_score_k10=na|phase_var_lastW=na,True,True,4,4,4,4,4,True,True,4,True,0,0,0.0,1.0,0.33764340180757685,0.04025194187673256,0.20089241590840712,0.0025504432109735714,0.5199300704630527,0.029200668647218878,0.9988277646111418,7.32293207061876e-08,0.9999940795938129,0.33764340180757685,0.04025194187673256,0.20089241590840712,0.0025504432109735714,0.5199300704630527,0.029200668647218878,0.9438373152350804,1,0.0,0.0,0.0,1.0,123.67208989075152,125.82103899845387,0.8358958257882297,0.008977526765822606,0.15512664512172375,07d06856bd655083b16e8fa302d027b8c733690062b36bb36e57aa7381673765,ola2_taxonomy_v1,False,UNKNOWN,FUNCTIONAL_LOCK,VIABLE,B,True,6357695ae876ac33,ring_3:FUNCTIONAL_LOCK:Roob_PE2_H2,R=0.520 PE=0.201 H=0.338 evals=4
ea7b16200708c4849c95fcc54aeef9d82f670f220c37ed3099c18091ad5e156e,ring_3,3,3,1.0,2.0,0.0,2,{},{},{},,ola2_taxonomy_v1,UNKNOWN,R_mean_lastW=na|entropy_quality=na|memory_score_k10=na|phase_var_lastW=na,True,True,4,4,4,4,4,True,True,4,True,0,0,0.0,1.0,0.3816633641972549,0.06758618995387268,0.1909746544700218,0.007883279184038727,0.606180901538963,0.07249557758869757,0.9525335929012401,4.989065529198633e-10,0.9999922432280479,0.3816633641972549,0.06758618995387268,0.1909746544700218,0.007883279184038727,0.606180901538963,0.07249557758869757,0.8804060348904974,1,0.0,0.0,0.0,1.0,131.3328396254219,133.5896162229823,0.7947228628018271,0.024035754564502437,0.18124137934425533,0e82896da4fac74ff4487e0f3b115a866ad0f230ad786e3390215f6842e207d1,ola2_taxonomy_v1,False,UNKNOWN,FUNCTIONAL_LOCK,VIABLE,A,True,64df6b42e1735047,ring_3:FUNCTIONAL_LOCK:Roob_PE1_H2,R=0.606 PE=0.191 H=0.382 evals=4
cb74a2b7d92d673e69d442b43e4231e985f19cb0c054b8698a51d8685299e12f,ring_2,2,1,1.0,1.0,0.0,2,{},{},{},,ola2_taxonomy_v1,UNKNOWN,R_mean_lastW=na|entropy_quality=na|memory_score_k10=na|phase_var_lastW=na,True,True,4,4,4,4,4,True,True,4,True,0,0,0.0,1.0,0.6427924708815788,0.10119523416910213,0.3076010122268931,0.06068207966251763,0.7193045667721694,0.028144970619912568,0.8923712810680019,5.7001960912898264e-09,0.9999659280431223,0.6427924708815788,0.10119523416910213,0.3076010122268931,0.06068207966251763,0.7193045667721694,0.028144970619912568,0.802724707492974,1,0.0,0.0,0.0,1.0,89.43830929894466,90.03749076831154,0.5279122921328995,0.19737180213535066,0.27471590208161506,7421db2ec6cc833d2234c0af99694fdc21c59dedf0cb5d072ef9c5983b0fc570,ola2_taxonomy_v1,False,UNKNOWN,FUNCTIONAL_LOCK,VIABLE,A,True,139c4319dd42d899,ring_2:FUNCTIONAL_LOCK:R0_PE2_H3,R=0.719 PE=0.308 H=0.643 evals=4
34ea9cb3ab09435638edd4f4e5c508af65654ed592363c849ce7464a8e83a5c8,ring_2,2,1,1.0,1.0,0.0,2,{},{},{},,ola2_taxonomy_v1,UNKNOWN,R_mean_lastW=na|entropy_quality=na|memory_score_k10=na|phase_var_lastW=na,True,True,4,4,4,4,4,True,True,4,True,0,0,0.0,1.0,0.4169516722247748,0.05488801231903215,0.19445614991771673,0.0005581318664376241,0.6950729969470771,0.02968123856536713,0.9999657401222082,5.713964982489879e-11,0.9999999374021231,0.4169516722247748,0.05488801231903215,0.19445614991771673,0.0005581318664376241,0.6950729969470771,0.02968123856536713,0.9572976670137754,1,0.0,0.0,0.0,1.0,78.15512554679299,78.88934102591593,0.7226652858805851,0.008727981216704017,0.26860672188131096,72a671a832092f9da79730fa8ada4e4f747b28e3db038533d5dae07b32255787,ola2_taxonomy_v1,False,UNKNOWN,FUNCTIONAL_LOCK,VIABLE,A,True,3a4d99d5b841605f,ring_2:FUNCTIONAL_LOCK:Roob_PE1_H2,R=0.695 PE=0.194 H=0.417 evals=4
a6e84e3e787ee7f8d311eecd0af24df8a5534530d56a73fde2fc966e85c8123f,ring_2,2,1,1.0,1.0,0.0,2,{},{},{},,ola2_taxonomy_v1,UNKNOWN,R_mean_lastW=na|entropy_quality=na|memory_score_k10=na|phase_var_lastW=na,True,True,4,4,4,4,4,True,True,4,True,0,0,0.0,1.0,0.4570285662050456,0.0782696103985851,0.30390729313517917,0.13014752370584695,0.6478933821259235,0.06212801158148485,0.9298692795125342,3.6906075679955843e-10,0.9999929326167344,0.4570285662050456,0.0782696103985851,0.30390729313517917,0.13014752370584695,0.6478933821259235,0.06212801158148485,0.5717525487354566,1,0.0,0.0,0.0,1.0,89.41700636933092,90.28144777381094,0.5701181602009833,0.014275613895505036,0.4156062036841712,bc0cde164a6e4f478798846866a16b9e9289b586a0274b157403531cb2730e58,ola2_taxonomy_v1,False,UNKNOWN,FUNCTIONAL_LOCK,VIABLE,A,True,e1610169dc4e68ad,ring_2:FUNCTIONAL_LOCK:Roob_PE2_H2,R=0.648 PE=0.304 H=0.457 evals=4
85740e3ec545777cdfeb11c2e3222259d15f94ec71a3216fd8beb29df73447e6,ring_3,3,3,1.0,2.0,0.0,2,{},{},{},,ola2_taxonomy_v1,UNKNOWN,R_mean_lastW=na|entropy_quality=na|memory_score_k10=na|phase_var_lastW=na,True,True,4,4,4,4,4,True,True,4,True,0,0,0.0,1.0,0.679829134840406,0.09396822490041568,0.3513206233918272,0.0010644642957736664,0.5379058395231364,0.026239588536702458,0.9683603269938961,9.168235006773614e-10,0.9999913237035156,0.679829134840406,0.09396822490041568,0.3513206233918272,0.0010644642957736664,0.5379058395231364,0.026239588536702458,0.9512189929747475,1,0.0,0.0,0.0,1.0,133.52512978820596,134.11107748067008,0.38494203211352396,0.46550100163054203,0.14955696516420944,ec5ac522b337789843eff1a72bed6175a0b921d9697550ed35dd09e1e378fed6,ola2_taxonomy_v1,False,UNKNOWN,FUNCTIONAL_LOCK,VIABLE,B,True,0da0683c4b5c61df,ring_3:FUNCTIONAL_LOCK:Roob_PE2_H3,R=0.538 PE=0.351 H=0.680 evals=4
2d8aa1e436f8ecdd4e67980d63382788be5416ac2b28e073efdd8bcfe12b104e,ring_2,2,1,1.0,1.0,0.0,2,{},{},{},,ola2_taxonomy_v1,UNKNOWN,R_mean_lastW=na|entropy_quality=na|memory_score_k10=na|phase_var_lastW=na,True,True,4,4,4,4,4,True,True,4,True,0,0,0.0,1.0,0.5310951157619714,0.18230181196118628,0.3506190092665627,0.001519678484169465,0.6593483009533477,0.010378200017032012,0.993249143150883,3.783249124087825e-11,0.9999992865017564,0.5310951157619714,0.18230181196118628,0.3506190092665627,0.001519678484169465,0.6593483009533477,0.010378200017032012,0.9842599123983087,1,0.0,0.0,0.0,1.0,89.85185440757778,92.31557964051608,0.34958352029471257,0.5391460540344897,0.11127042406497248,f9ba47c5fb55fd86987094bc4ac04d566dba8051b8340656f62dd4102dc9ae09,ola2_taxonomy_v1,False,UNKNOWN,FUNCTIONAL_LOCK,VIABLE,A,True,ff5438f2dfdb3265,ring_2:FUNCTIONAL_LOCK:Roob_PE2_H3,R=0.659 PE=0.351 H=0.531 evals=4
dc97475fa768f5f02134e9c1003373c77b0653ca413da4ea006b1e78d8fed20e,bipartite_2_2,4,4,0.6666666666666666,2.0,0.0,2,{},{},{},,ola2_taxonomy_v1,UNKNOWN,R_mean_lastW=na|entropy_quality=na|memory_score_k10=na|phase_var_lastW=na,True,True,4,4,4,4,4,True,True,4,True,0,0,0.0,1.0,0.46364137154892976,0.04105690495903609,0.23332794704903378,0.06788154172783856,0.4572523424889804,0.02576713407054017,0.9296466936441812,5.7195048700584795e-05,0.9998047906539389,0.46364137154892976,0.04105690495903609,0.23332794704903378,0.06788154172783856,0.4572523424889804,0.02576713407054017,0.7090723910857825,1,0.0,0.0,0.0,1.0,172.9550935375155,174.4193585072644,0.7419185449341787,0.030736215043132706,0.227345238064581,b75356a84e4a1e91e59edf1a4f02e5a7bf2f7960f2678d4d5a3287f8e5037dd8,ola2_taxonomy_v1,False,UNKNOWN,FUNCTIONAL_LOCK,VIABLE,B,True,4fa825e3687f7b68,bipartite_2_2:FUNCTIONAL_LOCK:Roob_PE2_H2,R=0.457 PE=0.233 H=0.464 evals=4
2da936ddb9f6ac830871b8633851329bdee4b99f13d70aba6f66f2f62693fd0f,complete_4,4,6,1.0,3.0,0.0,2,{},{},{},,ola2_taxonomy_v1,UNKNOWN,R_mean_lastW=na|entropy_quality=na|memory_score_k10=na|phase_var_lastW=na,True,True,4,4,4,4,4,True,True,4,True,0,0,0.0,1.0,0.3618023878318085,0.130521227839349,0.2166182467803198,0.0005146936076834636,0.4669281866804335,0.05733066565942204,0.9452524648175722,3.1449133098587974e-05,0.9983232499737237,0.3618023878318085,0.130521227839349,0.2166182467803198,0.0005146936076834636,0.4669281866804335,0.05733066565942204,0.8772173809702791,1,0.0,0.0,0.0,1.0,174.04032928455854,175.26119599064114,0.7734304266862526,0.013320738348282917,0.21324883165571126,d5a42be2396bf6602026dad6e4f390e9d1173b37ffc1ec1bffd94464fd12cacd,ola2_taxonomy_v1,False,UNKNOWN,FUNCTIONAL_LOCK,VIABLE,B,True,88649e81af49a513,complete_4:FUNCTIONAL_LOCK:Roob_PE2_H2,R=0.467 PE=0.217 H=0.362 evals=4
644ab99e343eaaecdc81e837b7db8f94afa41365dc14613745a18d65505a7f70,ring_2,2,1,1.0,1.0,0.0,2,{},{},{},,ola2_taxonomy_v1,UNKNOWN,R_mean_lastW=na|entropy_quality=na|memory_score_k10=na|phase_var_lastW=na,True,True,4,4,4,4,4,True,True,4,True,0,0,0.0,1.0,0.3164445267655996,0.03768818341047875,0.19303791060093423,0.002333293005093526,0.6784428876712602,0.021139059394549988,0.959529341086793,3.778411093738515e-10,0.9999945260546342,0.3164445267655996,0.03768818341047875,0.19303791060093423,0.002333293005093526,0.6784428876712602,0.021139059394549988,0.9688417996876505,1,0.0,0.0,0.0,1.0,94.06560394878034,101.04610251587582,0.8370440191354369,0.01671700519158414,0.14623897184779838,5fbeac31b51981481e5d91cd8575449a29d66ed84ee7e6c2f70c387411a82677,ola2_taxonomy_v1,False,UNKNOWN,FUNCTIONAL_LOCK,VIABLE,A,True,3a4d99d5b841605f,ring_2:FUNCTIONAL_LOCK:Roob_PE1_H2,R=0.678 PE=0.193 H=0.316 evals=4
f33e8a8e8e3f53706d6919dc07aedfe3e025bf3f2c3e05932c001e192e842f2c,ring_3,3,3,1.0,2.0,0.0,2,{},{},{},,ola2_taxonomy_v1,UNKNOWN,R_mean_lastW=na|entropy_quality=na|memory_score_k10=na|phase_var_lastW=na,True,True,4,4,4,4,4,True,True,4,True,0,0,0.0,1.0,0.4442341645031419,0.09749698999485094,0.2053073099802454,0.003418531714126117,0.5751943421695007,0.03762222140170628,0.9718432354957032,8.410933081121844e-09,0.9999773651261413,0.4442341645031419,0.09749698999485094,0.2053073099802454,0.003418531714126117,0.5751943421695007,0.03762222140170628,0.9345921566964586,1,0.0,0.0,0.0,1.0,132.72430911229458,133.2046594253392,0.740809408588352,0.01720581622792862,0.24198477263907126,a9f3ee65c48d8fc5a1076b3e1d422ca38ee09dd6b2becf3b1312d9a285d25fd9,ola2_taxonomy_v1,False,UNKNOWN,FUNCTIONAL_LOCK,VIABLE,B,True,6357695ae876ac33,ring_3:FUNCTIONAL_LOCK:Roob_PE2_H2,R=0.575 PE=0.205 H=0.444 evals=4
0f7f8516c2977c0d3a4659b7647094c5abe15bd8f267132cccc333b41784f151,ring_2,2,1,1.0,1.0,0.0,2,{},{},{},,ola2_taxonomy_v1,UNKNOWN,R_mean_lastW=na|entropy_quality=na|memory_score_k10=na|phase_var_lastW=na,True,True,4,4,4,4,4,True,True,4,True,0,0,0.0,1.0,0.49505327065970217,0.2215653189147119,0.2754782693982976,0.0523708798739571,0.6616932408578583,0.03316824344027482,0.9964591020884681,2.1977392199023922e-11,0.9999996058357584,0.49505327065970217,0.2215653189147119,0.2754782693982976,0.0523708798739571,0.6616932408578583,0.03316824344027482,0.8098910669493238,1,0.0,0.0,0.0,1.0,89.21868646936491,89.6561508991872,0.6411481911452188,0.21060238505893486,0.14824941606648034,ed273455db0cad1b572a89af40a13d904e256d6f934ccf9c02b83d93cf61ba4f,ola2_taxonomy_v1,False,UNKNOWN,FUNCTIONAL_LOCK,VIABLE,A,True,e1610169dc4e68ad,ring_2:FUNCTIONAL_LOCK:Roob_PE2_H2,R=0.662 PE=0.275 H=0.495 evals=4
ecba0521173b46bb3b0539bf86125ea7dc12c2e8fd11c8b14055d200146a950f,complete_4,4,6,1.0,3.0,0.0,2,{},{},{},,ola2_taxonomy_v1,UNKNOWN,R_mean_lastW=na|entropy_quality=na|memory_score_k10=na|phase_var_lastW=na,True,True,4,4,4,4,4,True,True,4,True,0,0,0.0,1.0,0.645860904764325,0.1700516983742541,0.34721410862132623,0.04484519678400379,0.5422005471330154,0.009879798364958968,0.9346333912454834,1.7704913951167726e-06,0.9998667264422849,0.645860904764325,0.1700516983742541,0.34721410862132623,0.04484519678400379,0.5422005471330154,0.009879798364958968,0.8708428152241008,1,0.0,0.0,0.0,1.0,174.1203009141609,174.775750410778,0.5666048368577655,0.2889860142972448,0.14440914734919197,2298c068fd70b52df17bfd553ec9c72cd1957131e7e36d875d8587515e27d4e1,ola2_taxonomy_v1,False,UNKNOWN,FUNCTIONAL_LOCK,VIABLE,B,True,340262789e51cbcb,complete_4:FUNCTIONAL_LOCK:Roob_PE2_H3,R=0.542 PE=0.347 H=0.646 evals=4
8681582487bb1f02f4aa0bf56c87340ca266ca0c4bc7ad1b323c90371f673a86,complete_5,5,10,1.0,4.0,0.0,2,{},{},{},,ola2_taxonomy_v1,UNKNOWN,R_mean_lastW=na|entropy_quality=na|memory_score_k10=na|phase_var_lastW=na,True,True,4,4,4,4,4,True,True,4,True,0,0,0.0,1.0,0.35360671244751163,0.07185197303968077,0.210149486093259,0.009858054566820883,0.4977113188851992,0.013670944272887809,0.9692044285243901,1.4528544951500774e-08,0.9999690022412139,0.35360671244751163,0.07185197303968077,0.210149486093259,0.009858054566820883,0.4977113188851992,0.013670944272887809,0.9530902751651454,1,0.0,0.0,0.0,1.0,212.03360586753115,214.56127953825052,0.7233859827944824,0.007987256863793939,0.26862675912751854,1a2d127913bebb7f7744735640e80397d1530e174f0b186f8904a7c319affec2,ola2_taxonomy_v1,False,UNKNOWN,FUNCTIONAL_LOCK,VIABLE,B,True,40200b36809cab65,complete_5:FUNCTIONAL_LOCK:Roob_PE2_H2,R=0.498 PE=0.210 H=0.354 evals=4
8feb0772bd01f7be1abad35f2b7ceca1acb6aa20824b2d0b6dafeff5c2fca1ce,ring_2,2,1,1.0,1.0,0.0,2,{},{},{},,ola2_taxonomy_v1,UNKNOWN,R_mean_lastW=na|entropy_quality=na|memory_score_k10=na|phase_var_lastW=na,True,True,4,4,4,4,4,True,True,4,True,0,0,0.0,1.0,0.38472548342184665,0.07897605071153789,0.19774832728351124,0.0009020756804694697,0.6414248909269854,0.02719169911748749,0.9972491665079528,1.6876587547519786e-11,0.9999996954979418,0.38472548342184665,0.07897605071153789,0.19774832728351124,0.0009020756804694697,0.6414248909269854,0.02719169911748749,0.9576073527826615,1,0.0,0.0,0.0,1.0,87.9552837125957,89.00211780729005,0.812129381073619,0.01573877768588257,0.17213183417608552,f46d0a1eb16f0ad95d389eea6c2c2157604bb5daa6561a36467bef06d5bda9a8,ola2_taxonomy_v1,False,UNKNOWN,FUNCTIONAL_LOCK,VIABLE,A,True,3a4d99d5b841605f,ring_2:FUNCTIONAL_LOCK:Roob_PE1_H2,R=0.641 PE=0.198 H=0.385 evals=4
bf092a49e476c750b43e831b867ece5ac6015503b4561717a0ab0e3f859d618f,ring_2,2,1,1.0,1.0,0.0,2,{},{},{},,ola2_taxonomy_v1,UNKNOWN,R_mean_lastW=na|entropy_quality=na|memory_score_k10=na|phase_var_lastW=na,True,True,4,4,4,4,4,True,True,4,True,0,0,0.0,1.0,0.35808648674126087,0.05798390388824153,0.20223849324090198,0.008695508881310824,0.6933883769267699,0.02099140226528572,0.9798880290771051,2.8392882640786363e-10,0.9999966375666582,0.35808648674126087,0.05798390388824153,0.20223849324090198,0.008695508881310824,0.6933883769267699,0.02099140226528572,0.9570036903362757,1,0.0,0.0,0.0,1.0,89.79779617581517,90.16370804517064,0.7667161299920775,0.008090244622167673,0.22519362207465213,9cc556df0f9923fd79b3fef0a99f1d002a7af76cde85ad83577f82e193eeb6df,ola2_taxonomy_v1,False,UNKNOWN,FUNCTIONAL_LOCK,VIABLE,A,True,e1610169dc4e68ad,ring_2:FUNCTIONAL_LOCK:Roob_PE2_H2,R=0.693 PE=0.202 H=0.358 evals=4
baf621e118c0e664dd56318aaf19fd4bd7e96a2ab9153971484a3167542180c5,ring_2,2,1,1.0,1.0,0.0,2,{},{},{},,ola2_taxonomy_v1,UNKNOWN,R_mean_lastW=na|entropy_quality=na|memory_score_k10=na|phase_var_lastW=na,True,True,4,4,4,4,4,True,True,4,True,0,0,0.0,1.0,0.3880639288294799,0.04682477966176039,0.20363466417986725,0.003277382665800021,0.6696885362582005,0.024265861801042777,0.9920602031913526,8.138666235448692e-10,0.9999964125115499,0.3880639288294799,0.04682477966176039,0.20363466417986725,0.003277382665800021,0.6696885362582005,0.024265861801042777,0.9637654514192147,1,0.0,0.0,0.0,1.0,90.33967854420189,92.61594052644213,0.8071044020475874,0.03155964310727596,0.16133595128255157,7d4797f2b5efe82d41a22f2df2c354e8e30ebc724f235ad23c9ef2463c535bd4,ola2_taxonomy_v1,False,UNKNOWN,FUNCTIONAL_LOCK,VIABLE,A,True,e1610169dc4e68ad,ring_2:FUNCTIONAL_LOCK:Roob_PE2_H2,R=0.670 PE=0.204 H=0.388 evals=4
4b5c57442b370daece74ba7285f961ef133feda589a87b675ada804a2ce6f017,ring_5,5,5,0.5,2.0,0.0,2,{},{},{},,ola2_taxonomy_v1,UNKNOWN,R_mean_lastW=na|entropy_quality=na|memory_score_k10=na|phase_var_lastW=na,True,True,4,4,4,4,4,True,True,4,True,0,0,0.0,1.0,0.6835809051046409,0.18330342698801824,0.3498392375627583,0.0008668988853014704,0.4972555927392396,0.02383021614336336,0.78502700797488,0.007391478803595494,0.948266119462148,0.6835809051046409,0.18330342698801824,0.3498392375627583,0.0008668988853014704,0.4972555927392396,0.02383021614336336,0.9520765246458276,1,0.0,0.0,0.0,1.0,195.9106954873423,217.67631590804086,0.37836369750852655,0.4498050345280198,0.17183126684250882,51d2f4fa1295f961f60ff8d9fc6616068e5e729b253168902314fc07987845fb,ola2_taxonomy_v1,False,UNKNOWN,FUNCTIONAL_LOCK,VIABLE,B,True,c4719ae324f325dd,ring_5:FUNCTIONAL_LOCK:Roob_PE2_H3,R=0.497 PE=0.350 H=0.684 evals=4
be7dcee6bd5b995d63b7c7b20c2733116520a99d5f684c85186731f6b6de8d16,ring_2,2,1,1.0,1.0,0.0,2,{},{},{},,ola2_taxonomy_v1,UNKNOWN,R_mean_lastW=na|entropy_quality=na|memory_score_k10=na|phase_var_lastW=na,True,True,4,4,4,4,4,True,True,4,True,0,0,0.0,1.0,0.4932875667599779,0.07108219982123234,0.30911050106797644,0.0812550434766396,0.6725714007047524,0.02359436492410481,0.9955873898995133,2.9913660724048363e-11,0.9999994867599655,0.4932875667599779,0.07108219982123234,0.30911050106797644,0.0812550434766396,0.6725714007047524,0.02359436492410481,0.7371326978672561,1,0.0,0.0,0.0,1.0,88.47325726569397,89.36078138384036,0.5764831214853595,0.32425893719632776,0.0992579383499672,101e7b4a833172b1dd9b148c481020b8ca590eff381e5f4a2b053aa42203e954,ola2_taxonomy_v1,False,UNKNOWN,FUNCTIONAL_LOCK,VIABLE,A,True,e1610169dc4e68ad,ring_2:FUNCTIONAL_LOCK:Roob_PE2_H2,R=0.673 PE=0.309 H=0.493 evals=4
a69836346f4474686883007aa9c20ea8d77421bccb2c545d6b0a6286ed4c23f4,ring_4,4,4,0.6666666666666666,2.0,0.0,2,{},{},{},,ola2_taxonomy_v1,UNKNOWN,R_mean_lastW=na|entropy_quality=na|memory_score_k10=na|phase_var_lastW=na,True,True,4,4,4,4,4,True,True,4,True,0,0,0.0,1.0,0.5301259666893618,0.213525049248332,0.28377763258392397,0.042348769491198375,0.5222289641900604,0.021255109348058066,0.9221369574340524,1.21906173580514e-05,0.9982776116247787,0.5301259666893618,0.213525049248332,0.28377763258392397,0.042348769491198375,0.5222289641900604,0.021255109348058066,0.85076776803868,1,0.0,0.0,0.0,1.0,173.97361763048684,175.58224851022243,0.6594860098386492,0.1670494386496105,0.1734645464711792,e85054515f1b13abd187fdb30561fc4e7649f0afe6429b2fc6eb22a4da8dcdac,ola2_taxonomy_v1,False,UNKNOWN,FUNCTIONAL_LOCK,VIABLE,B,True,34c0b895c1d9f5c5,ring_4:FUNCTIONAL_LOCK:Roob_PE2_H3,R=0.522 PE=0.284 H=0.530 evals=4
929d365888283137c23c9043b0c5eab9a1d61094b1fb34baf4b0fa5599d2c7a0,ring_2,2,1,1.0,1.0,0.0,2,{},{},{},,ola2_taxonomy_v1,UNKNOWN,R_mean_lastW=na|entropy_quality=na|memory_score_k10=na|phase_var_lastW=na,True,True,4,4,4,4,4,True,True,4,True,0,0,0.0,1.0,0.4447185546184522,0.08446707690186028,0.1896897569170527,0.0019612290415928326,0.6183630974035588,0.04367210636901458,0.9427587214194338,3.4931954975316976e-11,0.9999980290525642,0.4447185546184522,0.08446707690186028,0.1896897569170527,0.0019612290415928326,0.6183630974035588,0.04367210636901458,0.9293746561649796,1,0.0,0.0,0.0,1.0,88.31867801496992,88.68856284995563,0.7185301721449103,0.02827318694421207,0.2531966340876134,137f7324e5ff84cc1408c4ad79fd5c343597eb8425c599fc51d9da407002faf7,ola2_taxonomy_v1,False,UNKNOWN,FUNCTIONAL_LOCK,VIABLE,A,True,3a4d99d5b841605f,ring_2:FUNCTIONAL_LOCK:Roob_PE1_H2,R=0.618 PE=0.190 H=0.445 evals=4
5b7304e3dfe2b15b05673b9ed248cd780225b0bbd42c9fc0b8bdd95ae2349041,ring_2,2,1,1.0,1.0,0.0,2,{},{},{},,ola2_taxonomy_v1,UNKNOWN,R_mean_lastW=na|entropy_quality=na|memory_score_k10=na|phase_var_lastW=na,True,True,4,4,4,4,4,True,True,4,True,0,0,0.0,1.0,0.4814948385389135,0.03076626688987112,0.19895324792642416,0.003829798494970074,0.7070495894767705,0.021606815901768432,0.9376928918380814,8.391333365358311e-07,0.9996819042669397,0.4814948385389135,0.03076626688987112,0.19895324792642416,0.003829798494970074,0.7070495894767705,0.021606815901768432,0.9694408762506207,1,0.0,0.0,0.0,1.0,89.42109399754554,90.27302522643004,0.7223760155878368,0.07067933526359593,0.2069446409961927,37f13a460de5d0ad9c623d82c71be6b0ad0b53fb22d62f07dfa4fff31dc9d971,ola2_taxonomy_v1,False,UNKNOWN,FUNCTIONAL_LOCK,VIABLE,A,True,e6cea0161a90be88,ring_2:FUNCTIONAL_LOCK:R0_PE1_H2,R=0.707 PE=0.199 H=0.481 evals=4
c574ce5145b62b2d3629d14ba8e92d96c8335f3320bb7032ec2674f9d46be847,ring_2,2,1,1.0,1.0,0.0,2,{},{},{},,ola2_taxonomy_v1,UNKNOWN,R_mean_lastW=na|entropy_quality=na|memory_score_k10=na|phase_var_lastW=na,True,True,4,4,4,4,4,True,True,4,True,0,0,0.0,1.0,0.3147540522598782,0.06868016487308988,0.18936103474957744,0.0020008827683848825,0.7042612246627525,0.058749599402494856,0.991788029639768,1.594691629714843e-07,0.9999488785358982,0.3147540522598782,0.06868016487308988,0.18936103474957744,0.0020008827683848825,0.7042612246627525,0.058749599402494856,0.9165798181908593,1,0.0,0.0,0.0,1.0,89.81726009381237,91.97589524616487,0.8390168362580298,0.03769285622493583,0.12329030088203384,54d0db55728645b22bfb1212a27313a709a5089adabd9e3bbc9adbab7d2f68ef,ola2_taxonomy_v1,False,UNKNOWN,FUNCTIONAL_LOCK,VIABLE,A,True,e6cea0161a90be88,ring_2:FUNCTIONAL_LOCK:R0_PE1_H2,R=0.704 PE=0.189 H=0.315 evals=4
619399a65326c969471634d8b578951c45bc1d60534f34c08ed3270e27bdb101,ring_4,4,4,0.6666666666666666,2.0,0.0,2,{},{},{},,ola2_taxonomy_v1,UNKNOWN,R_mean_lastW=na|entropy_quality=na|memory_score_k10=na|phase_var_lastW=na,True,True,4,4,4,4,4,True,True,4,True,0,0,0.0,1.0,0.5610257958466695,0.11688530043270433,0.32578917415435077,0.0007863661002093661,0.5133027715680538,0.027141303843978327,0.9887063136059459,0.01706842393206605,0.9717101321238476,0.5610257958466695,0.11688530043270433,0.32578917415435077,0.0007863661002093661,0.5133027715680538,0.027141303843978327,0.9471241821643273,1,0.0,0.0,0.0,1.0,173.97371373767965,179.80365069768158,0.5208260556354002,0.35595865366575447,0.1232152889471449,a24d3fa1f6864d0f1c5b89dab0481fb188d0a7391be49f3682d8bfe799b97dd1,ola2_taxonomy_v1,False,UNKNOWN,FUNCTIONAL_LOCK,VIABLE,B,True,34c0b895c1d9f5c5,ring_4:FUNCTIONAL_LOCK:Roob_PE2_H3,R=0.513 PE=0.326 H=0.561 evals=4
d7d69d1365ade2ee427ebfdba98c7f4313d8751f3682ee42517a634b91ddd932,ring_3,3,3,1.0,2.0,0.0,2,{},{},{},,ola2_taxonomy_v1,UNKNOWN,R_mean_lastW=na|entropy_quality=na|memory_score_k10=na|phase_var_lastW=na,True,True,4,4,4,4,4,True,True,4,True,0,0,0.0,1.0,0.4622513683908858,0.023721835560562204,0.1969408427047564,0.006686971052687753,0.5569285850789774,0.017893506238899487,0.883396627169418,1.1183706090239422e-06,0.9994404597878855,0.4622513683908858,0.023721835560562204,0.1969408427047564,0.006686971052687753,0.5569285850789774,0.017893506238899487,0.9660457883654305,1,0.0,0.0,0.0,1.0,134.2902654784848,134.72042490639723,0.7344728753284597,0.0768389023194352,0.18868821569379135,d6743720da5f28e15c8f808b803260ca411d83f863ed67817659a896931d693a,ola2_taxonomy_v1,False,UNKNOWN,FUNCTIONAL_LOCK,VIABLE,B,True,64df6b42e1735047,ring_3:FUNCTIONAL_LOCK:Roob_PE1_H2,R=0.557 PE=0.197 H=0.462 evals=4
31989bb9f6541c00b512a4a84b83953e559220fc173ae1611db2f03b1f221090,ring_2,2,1,1.0,1.0,0.0,2,{},{},{},,ola2_taxonomy_v1,UNKNOWN,R_mean_lastW=na|entropy_quality=na|memory_score_k10=na|phase_var_lastW=na,True,True,4,4,4,4,4,True,True,4,True,0,0,0.0,1.0,0.3903178175986534,0.03535556398963534,0.24263718100589343,0.10239887821662157,0.6435936695229753,0.07798490828155896,0.9893347215759064,1.6045341483344682e-08,0.9999815560321624,0.3903178175986534,0.03535556398963534,0.24263718100589343,0.10239887821662157,0.6435936695229753,0.07798490828155896,0.5779753218690156,1,0.0,0.0,0.0,1.0,88.30838287179358,89.48373440902215,0.6137979933558618,0.019258302408364656,0.3669437026072159,f8fcb220b1b3cf55e7af73fc7e19f4a83d5d5e0a3c6e9120cd35d5f192bebc3b,ola2_taxonomy_v1,False,UNKNOWN,FUNCTIONAL_LOCK,VIABLE,A,True,e1610169dc4e68ad,ring_2:FUNCTIONAL_LOCK:Roob_PE2_H2,R=0.644 PE=0.243 H=0.390 evals=4
fa426f94904b4bbfeb4cd0e4c5148f28faf2bebee6d08154723319084dded447,ring_2,2,1,1.0,1.0,0.0,2,{},{},{},,ola2_taxonomy_v1,UNKNOWN,R_mean_lastW=na|entropy_quality=na|memory_score_k10=na|phase_var_lastW=na,True,True,4,4,4,4,4,True,True,4,True,0,0,0.0,1.0,0.24999138013320096,0.04053141466274562,0.20315728161754484,0.0007829816285348893,0.704033836140042,0.00771404144607017,0.9980316073661363,1.2028852256072354e-07,0.9999782053995149,0.24999138013320096,0.04053141466274562,0.20315728161754484,0.0007829816285348893,0.704033836140042,0.00771404144607017,0.9890430813831855,1,0.0,0.0,0.0,1.0,88.64234206243418,88.96861728768563,0.835172757532693,0.010358779882953929,0.15446845334293066,dca3ae8d76d86ef6dfb50cf453e28d5c8d89972e0f4fd1f821f2eac8d9c22efa,ola2_taxonomy_v1,False,UNKNOWN,FUNCTIONAL_LOCK,VIABLE,A,True,fb7350f7dc10dcaf,ring_2:FUNCTIONAL_LOCK:R0_PE2_H1,R=0.704 PE=0.203 H=0.250 evals=4
f9d5d5a520458d1c6984be4251dde19c337f74d677f0f61d47c5ee335c378b61,ring_2,2,1,1.0,1.0,0.0,2,{},{},{},,ola2_taxonomy_v1,UNKNOWN,R_mean_lastW=na|entropy_quality=na|memory_score_k10=na|phase_var_lastW=na,True,True,4,4,4,4,4,True,True,4,True,0,0,0.0,1.0,0.33515927628833664,0.030299173479401337,0.1954172004874454,0.005487166781169126,0.6823558939534197,0.027772355239705906,0.997719099857243,2.2652774412973898e-11,0.9999996787219758,0.33515927628833664,0.030299173479401337,0.1954172004874454,0.005487166781169126,0.6823558939534197,0.027772355239705906,0.9592993106884459,1,0.0,0.0,0.0,1.0,88.7393040767638,89.50591559368186,0.8150814987129016,0.027953654874498062,0.1569648403532514,5caac2376cb1a3be87047763a25bebbaaabbfa1f7473ba80376f9548a2158da5,ola2_taxonomy_v1,False,UNKNOWN,FUNCTIONAL_LOCK,VIABLE,A,True,3a4d99d5b841605f,ring_2:FUNCTIONAL_LOCK:Roob_PE1_H2,R=0.682 PE=0.195 H=0.335 evals=4
ad1e4cef04982bd47ef1035dfd2ac3f96016f11c87f3fde373b1ab7585d3bf6f,ring_2,2,1,1.0,1.0,0.0,2,{},{},{},,ola2_taxonomy_v1,UNKNOWN,R_mean_lastW=na|entropy_quality=na|memory_score_k10=na|phase_var_lastW=na,True,True,4,4,4,4,4,True,True,4,True,0,0,0.0,1.0,0.5268080274331745,0.05307444316529803,0.21549066481050116,0.0021820776015837135,0.6788728394248154,0.011401587179074092,0.9890160543123623,5.79918007589091e-11,0.999998874406344,0.5268080274331745,0.05307444316529803,0.21549066481050116,0.0021820776015837135,0.6788728394248154,0.011401587179074092,0.9832051210227615,1,0.0,0.0,0.0,1.0,90.46615476446459,91.28373128226958,0.64283048734636,0.059583894024257913,0.297585614623135,9342c6ebcb79c4d1287d800011b0e76c5993b282f42933917ec3096bf1fcf687,ola2_taxonomy_v1,False,UNKNOWN,FUNCTIONAL_LOCK,VIABLE,A,True,ff5438f2dfdb3265,ring_2:FUNCTIONAL_LOCK:Roob_PE2_H3,R=0.679 PE=0.215 H=0.527 evals=4
ba6a3a7133ecf8ee4e15a18bb8dfbe2568a1bd3fe28c5db8093ca5823cbd314a,complete_4,4,6,1.0,3.0,0.0,2,{},{},{},,ola2_taxonomy_v1,UNKNOWN,R_mean_lastW=na|entropy_quality=na|memory_score_k10=na|phase_var_lastW=na,True,True,4,4,4,4,4,True,True,4,True,0,0,0.0,1.0,0.5713796018783684,0.06439178634733708,0.28864036337532245,0.06119123560112477,0.4630191339774912,0.02117751056139904,0.9398535670343205,1.7458349835402624e-07,0.9998263865745565,0.5713796018783684,0.06439178634733708,0.28864036337532245,0.06119123560112477,0.4630191339774912,0.02117751056139904,0.7880018065194954,1,0.0,0.0,0.0,1.0,172.83762249123538,173.8727256035665,0.6247912189204282,0.1777866317864277,0.19742214781387776,bc99a7b4133724c81d2bd1fb19cde0f3e2361130ea08290aae887764f8261024,ola2_taxonomy_v1,False,UNKNOWN,FUNCTIONAL_LOCK,VIABLE,B,True,340262789e51cbcb,complete_4:FUNCTIONAL_LOCK:Roob_PE2_H3,R=0.463 PE=0.289 H=0.571 evals=4
5a79402d8e851270a3da5dcd5855a7cff4ae7c061c66381f8c047cc917b21abe,ring_2,2,1,1.0,1.0,0.0,2,{},{},{},,ola2_taxonomy_v1,UNKNOWN,R_mean_lastW=na|entropy_quality=na|memory_score_k10=na|phase_var_lastW=na,True,True,4,4,4,4,4,True,True,4,True,0,0,0.0,1.0,0.28073100964776676,0.07951287890224007,0.20540613591786877,0.00043645185476607983,0.6881705629058085,0.02222764375367565,0.9910546854101455,1.9828734787625854e-11,0.9999994057257631,0.28073100964776676,0.07951287890224007,0.20540613591786877,0.00043645185476607983,0.6881705629058085,0.02222764375367565,0.9677003857011565,1,0.0,0.0,0.0,1.0,90.07838108157739,92.20002830429003,0.8721584531527264,0.019076765327435637,0.10876476440637527,21bdb51ea077a0b321c492bd4871225e1f81ba8543d969c73d2fac9efcb20f4a,ola2_taxonomy_v1,False,UNKNOWN,FUNCTIONAL_LOCK,VIABLE,A,True,f261b0e8f0b24da2,ring_2:FUNCTIONAL_LOCK:Roob_PE2_H1,R=0.688 PE=0.205 H=0.281 evals=4
a67591f7fc089fcc7f5c18df265e7cb29cb64440c64146edfb987eb57eeb895b,bipartite_2_2,4,4,0.6666666666666666,2.0,0.0,2,{},{},{},,ola2_taxonomy_v1,UNKNOWN,R_mean_lastW=na|entropy_quality=na|memory_score_k10=na|phase_var_lastW=na,True,True,4,4,4,4,4,True,True,4,True,0,0,0.0,1.0,0.5846066212196885,0.03611823979009894,0.26150240932667046,0.053934516314914104,0.5034350619670448,0.04936367992172736,0.948924486839817,1.8541952928580963e-06,0.9994657850553644,0.5846066212196885,0.03611823979009894,0.26150240932667046,0.053934516314914104,0.5034350619670448,0.04936367992172736,0.7937513598678214,1,0.0,0.0,0.0,1.0,170.82075365207857,172.29632786737056,0.6184509488052065,0.1414508599713775,0.24009819032120397,476939851be0ff20a7a300607d2ae9c6736665e3417d384af304c43040c992e0,ola2_taxonomy_v1,False,UNKNOWN,FUNCTIONAL_LOCK,VIABLE,B,True,7cd2b5aea0f64b1d,bipartite_2_2:FUNCTIONAL_LOCK:Roob_PE2_H3,R=0.503 PE=0.262 H=0.585 evals=4
4e06a6dc3e63c30b1e817343206b4a2e7bca8e7e1fdc30df52ed179cb20af65b,ring_2,2,1,1.0,1.0,0.0,2,{},{},{},,ola2_taxonomy_v1,UNKNOWN,R_mean_lastW=na|entropy_quality=na|memory_score_k10=na|phase_var_lastW=na,True,True,4,4,4,4,4,True,True,4,True,0,0,0.0,1.0,0.7060963275844717,0.0553523455473047,0.363286841215623,0.00046424108262283935,0.7003876810975717,0.028441551972155633,0.9732589240326368,1.215141627873618e-06,0.9997464142033512,0.7060963275844717,0.0553523455473047,0.363286841215623,0.00046424108262283935,0.7003876810975717,0.028441551972155633,0.9593917015679301,1,0.0,0.0,0.0,1.0,90.21714760636678,91.56141327249352,0.39303262132382966,0.5192942443913985,0.08767313225611655,74552e8b71fd4b6d3e403265c06df2f3bee930fd6ca24195c2a2a9614a2b60c6,ola2_taxonomy_v1,False,UNKNOWN,FUNCTIONAL_LOCK,VIABLE,A,True,b99d03cd9be8279d,ring_2:FUNCTIONAL_LOCK:R0_PE2_H4,R=0.700 PE=0.363 H=0.706 evals=4
55e52e65e9aa30e92b34d30b3d75a23fb63b4caea08f1ae775e237076a40c93d,ring_2,2,1,1.0,1.0,0.0,2,{},{},{},,ola2_taxonomy_v1,UNKNOWN,R_mean_lastW=na|entropy_quality=na|memory_score_k10=na|phase_var_lastW=na,True,True,4,4,4,4,4,True,True,4,True,0,0,0.0,1.0,0.3363159173686753,0.05717528004116063,0.18728089782679253,0.0022206485459308483,0.6225663600621477,0.08537610888513858,0.947164085351347,2.6161671471425366e-08,0.9999481287773105,0.3363159173686753,0.05717528004116063,0.18728089782679253,0.0022206485459308483,0.6225663600621477,0.08537610888513858,0.8628642432967051,1,0.0,0.0,0.0,1.0,89.49325444316491,89.66857018020237,0.798003680891795,0.005196323416275877,0.19679998306249089,0cf80372ff2431a7c52ab202bd4ee32267744bdbe101411a47f06cafae758986,ola2_taxonomy_v1,False,UNKNOWN,FUNCTIONAL_LOCK,VIABLE,A,True,3a4d99d5b841605f,ring_2:FUNCTIONAL_LOCK:Roob_PE1_H2,R=0.623 PE=0.187 H=0.336 evals=4
813e24c293f1c4cacf0f2416aac516a96b3ba0e7a64741bf5bfeb03fd364bb46,ring_2,2,1,1.0,1.0,0.0,2,{},{},{},,ola2_taxonomy_v1,UNKNOWN,R_mean_lastW=na|entropy_quality=na|memory_score_k10=na|phase_var_lastW=na,True,True,4,4,4,4,4,True,True,4,True,0,0,0.0,1.0,0.5922389492386285,0.11861538021090536,0.25076119241283434,0.0003532226912096288,0.6427623343420217,0.032736017900037946,0.9751322777837848,3.7189298507144127e-10,0.9999957260933419,0.5922389492386285,0.11861538021090536,0.25076119241283434,0.0003532226912096288,0.6427623343420217,0.032736017900037946,0.9490697943065551,1,0.0,0.0,0.0,1.0,88.8594469036907,89.4937692747335,0.5192628117596656,0.3421315974871048,0.13860558419905364,a6b4ca771d37cd3d42d8a4b145fb6f600b4469c9b1fd0c1a82837279ad67d7e3,ola2_taxonomy_v1,False,UNKNOWN,FUNCTIONAL_LOCK,VIABLE,A,True,ff5438f2dfdb3265,ring_2:FUNCTIONAL_LOCK:Roob_PE2_H3,R=0.643 PE=0.251 H=0.592 evals=4
ebe4f45caac62231083e0c23c79b3f0195bf8e2e62621795e45de80b53f286be,ring_2,2,1,1.0,1.0,0.0,2,{},{},{},,ola2_taxonomy_v1,UNKNOWN,R_mean_lastW=na|entropy_quality=na|memory_score_k10=na|phase_var_lastW=na,True,True,4,4,4,4,4,True,True,4,True,0,0,0.0,1.0,0.38158312973751596,0.03668324652018573,0.21199378331039245,0.009865012864166583,0.6391826294527729,0.013136968250801873,0.8944518313243722,1.707974160910458e-08,0.999941564691264,0.38158312973751596,0.03668324652018573,0.21199378331039245,0.009865012864166583,0.6391826294527729,0.013136968250801873,0.9534655558756521,1,0.0,0.0,0.0,1.0,90.3356899585342,90.99742350846063,0.5629621939981264,0.006577865818123088,0.43045993645490177,8035a250481816899d2949bd9c37140ffce52a620d998ff047aa04c27db2ea8f,ola2_taxonomy_v1,False,UNKNOWN,FUNCTIONAL_LOCK,VIABLE,A,True,e1610169dc4e68ad,ring_2:FUNCTIONAL_LOCK:Roob_PE2_H2,R=0.639 PE=0.212 H=0.382 evals=4
a5d1f4fff10323d0973091e79dea87406d68d8d25f3139f1d04eece04b1651e6,ring_2,2,1,1.0,1.0,0.0,2,{},{},{},,ola2_taxonomy_v1,UNKNOWN,R_mean_lastW=na|entropy_quality=na|memory_score_k10=na|phase_var_lastW=na,True,True,4,4,4,4,4,True,True,4,True,0,0,0.0,1.0,0.4602913761495833,0.15526126102372514,0.2988065916698319,0.034783186911919395,0.6150881879093776,0.03626599353927812,0.9917315122024482,3.554821428062509e-10,0.9999975805101972,0.4602913761495833,0.15526126102372514,0.2988065916698319,0.034783186911919395,0.6150881879093776,0.03626599353927812,0.8835929732421924,1,0.0,0.0,0.0,1.0,90.3663219937007,92.61165063852677,0.7579924691590602,0.15446477533520506,0.08754274796094792,a2faf6727ad3dde3b23e3a2a4799582daf8a9a42ea9f0e7c6c3b5f4b5cd5dccf,ola2_taxonomy_v1,False,UNKNOWN,FUNCTIONAL_LOCK,VIABLE,A,True,e1610169dc4e68ad,ring_2:FUNCTIONAL_LOCK:Roob_PE2_H2,R=0.615 PE=0.299 H=0.460 evals=4
97670d2d1eb75d35f5601f7345265d66ad2b06d12ba3c7b9e524731299b2b913,ring_2,2,1,1.0,1.0,0.0,2,{},{},{},,ola2_taxonomy_v1,UNKNOWN,R_mean_lastW=na|entropy_quality=na|memory_score_k10=na|phase_var_lastW=na,True,True,4,4,4,4,4,True,True,4,True,0,0,0.0,1.0,0.39890996978174487,0.10637552678840008,0.20917075964730672,0.011953512005257294,0.6928550139419285,0.0225844601675483,0.9846767274948574,1.462713302674056e-10,0.999997890892162,0.39890996978174487,0.10637552678840008,0.20917075964730672,0.011953512005257294,0.6928550139419285,0.0225844601675483,0.9428528536903882,1,0.0,0.0,0.0,1.0,93.38751791673712,96.21319915417116,0.7567804295799823,0.015732874074674143,0.22748668477238343,011437659400fb1ab3994fd13ed3bbdd2286100069d889a28f3d214b0a884d3a,ola2_taxonomy_v1,False,UNKNOWN,FUNCTIONAL_LOCK,VIABLE,A,True,e1610169dc4e68ad,ring_2:FUNCTIONAL_LOCK:Roob_PE2_H2,R=0.693 PE=0.209 H=0.399 evals=4
a0de70e8209ec3f4d259c9cbad94aa316eb69562093c7d2dacbe9392085f731d,ring_2,2,1,1.0,1.0,0.0,2,{},{},{},,ola2_taxonomy_v1,UNKNOWN,R_mean_lastW=na|entropy_quality=na|memory_score_k10=na|phase_var_lastW=na,True,True,4,4,4,4,4,True,True,4,True,0,0,0.0,1.0,0.34472025949474194,0.05772144255702774,0.5507060910856133,0.03149741270669542,0.6489345095706669,0.018235042384562607,0.9935108059308411,6.025390722866079e-11,0.9999991171542146,0.34472025949474194,0.05772144255702774,0.5507060910856133,0.03149741270669542,0.6489345095706669,0.018235042384562607,0.9428054034328834,1,0.0,0.0,0.0,1.0,89.17010434420081,91.40853700872977,0.22855988984432593,0.0026663344789872967,0.7687737749081325,0a491d7bd0b2da288dade5ddfaed84e2c9f8166884a646d4a61c5a0cfcf25f03,ola2_taxonomy_v1,False,UNKNOWN,FUNCTIONAL_LOCK,VIABLE,A,True,e8405dfb32b95fbf,ring_2:FUNCTIONAL_LOCK:Roob_PE3_H2,R=0.649 PE=0.551 H=0.345 evals=4
efc79cc4f2e40cc94157f45e97ba68171ed9fc245677d24bd18e1ed578b0b308,ring_2,2,1,1.0,1.0,0.0,2,{},{},{},,ola2_taxonomy_v1,UNKNOWN,R_mean_lastW=na|entropy_quality=na|memory_score_k10=na|phase_var_lastW=na,True,True,4,4,4,4,4,True,True,4,True,0,0,0.0,1.0,0.44766831428685444,0.13366707279976836,0.27687096926015964,8.537136090613392e-05,0.6700653408472377,0.006016098904996801,0.9464442063001356,2.836131928845789e-10,0.9999945626318592,0.44766831428685444,0.13366707279976836,0.27687096926015964,8.537136090613392e-05,0.6700653408472377,0.006016098904996801,0.9910216235070598,1,0.0,0.0,0.0,1.0,90.52913619024912,91.37982213156064,0.25917218637241696,0.6809476383111328,0.05988017431854051,1552d18cfa5467079f70e5164427962d35832943a9f0c538cb841897c95fcddf,ola2_taxonomy_v1,False,UNKNOWN,FUNCTIONAL_LOCK,VIABLE,A,True,e1610169dc4e68ad,ring_2:FUNCTIONAL_LOCK:Roob_PE2_H2,R=0.670 PE=0.277 H=0.448 evals=4
8dd1ac4e5bf0024c44027d9a94581200ee258cb6834fc089795981f69ee0896a,ring_2,2,1,1.0,1.0,0.0,2,{},{},{},,ola2_taxonomy_v1,UNKNOWN,R_mean_lastW=na|entropy_quality=na|memory_score_k10=na|phase_var_lastW=na,True,True,4,4,4,4,4,True,True,4,True,0,0,0.0,1.0,0.5236663484295659,0.0721422498757932,0.186010108710042,0.0007173210164131973,0.5086863884761655,0.15688888196537645,0.9149747895852106,1.1296724095461627e-09,0.9999864377254613,0.5236663484295659,0.0721422498757932,0.186010108710042,0.0007173210164131973,0.5086863884761655,0.15688888196537645,0.691580341995474,1,0.0,0.0,0.0,1.0,88.92852688452695,89.93335395603208,0.6213704983589815,0.0648174535441123,0.3138120426416837,9dee5e60a384eeb7eafc2b62eaab25a8ff56e20c738192cdd38c0322d212bb52,ola2_taxonomy_v1,False,UNKNOWN,FUNCTIONAL_LOCK,VIABLE,B,True,ee740a232621f280,ring_2:FUNCTIONAL_LOCK:Roob_PE1_H3,R=0.509 PE=0.186 H=0.524 evals=4
10cf87f6de6953d12eba384891f2434beeafaffa0eae2c9166ecae9382657dfa,ring_3,3,3,1.0,2.0,0.0,2,{},{},{},,ola2_taxonomy_v1,UNKNOWN,R_mean_lastW=na|entropy_quality=na|memory_score_k10=na|phase_var_lastW=na,True,True,4,4,4,4,4,True,True,4,True,0,0,0.0,1.0,0.44129178807694924,0.06247752137274173,0.1903346129443979,0.0007505976976058898,0.5152300887336645,0.024314629597516665,0.9838373472973582,2.0629942562643674e-07,0.9999079604210787,0.44129178807694924,0.06247752137274173,0.1903346129443979,0.0007505976976058898,0.5152300887336645,0.024314629597516665,0.9528082110707523,1,0.0,0.0,0.0,1.0,137.30977738898946,141.0028718616697,0.752128845061858,0.02040245281529381,0.22746869988215085,490f3f60759b8dd35b65dd085328020a541ee775c22488724e53931b2a6224b0,ola2_taxonomy_v1,False,UNKNOWN,FUNCTIONAL_LOCK,VIABLE,B,True,64df6b42e1735047,ring_3:FUNCTIONAL_LOCK:Roob_PE1_H2,R=0.515 PE=0.190 H=0.441 evals=4
fc4c678ad12855f7ada6704149e522736edcb76af11daf953c65838575e7fd31,ring_2,2,1,1.0,1.0,0.0,2,{},{},{},,ola2_taxonomy_v1,UNKNOWN,R_mean_lastW=na|entropy_quality=na|memory_score_k10=na|phase_var_lastW=na,True,True,4,4,4,4,4,True,True,4,True,0,0,0.0,1.0,0.47143662447549106,0.19300787802565134,0.28438372974142,0.027378187458772532,0.6432429278279842,0.007626159834653808,0.8614193776626876,5.890848689555405e-09,0.999961019611788,0.47143662447549106,0.19300787802565134,0.28438372974142,0.027378187458772532,0.6432429278279842,0.007626159834653808,0.9037280104467772,1,0.0,0.0,0.0,1.0,90.57114016875857,90.97896525260293,0.5182283264701629,0.3112980265953452,0.17047364148611205,9f42177c589eb64834c99adaf739e0bf3470a2792b8b16fc3336220101f56c58,ola2_taxonomy_v1,False,UNKNOWN,FUNCTIONAL_LOCK,VIABLE,A,True,e1610169dc4e68ad,ring_2:FUNCTIONAL_LOCK:Roob_PE2_H2,R=0.643 PE=0.284 H=0.471 evals=4
fa24460a7cd742058d8e4e2a92583fee60096a5ca2fe0bd09498799cff1a760e,ring_3,3,3,1.0,2.0,0.0,2,{},{},{},,ola2_taxonomy_v1,UNKNOWN,R_mean_lastW=na|entropy_quality=na|memory_score_k10=na|phase_var_lastW=na,True,True,4,4,4,4,4,True,True,4,True,0,0,0.0,1.0,0.48347044801948824,0.06247904656099859,0.2610834340514717,0.08158678613313651,0.5924669678717698,0.03276154754893717,0.9370416173111579,2.4147604796879e-06,0.9993793498243693,0.48347044801948824,0.06247904656099859,0.2610834340514717,0.08158678613313651,0.5924669678717698,0.03276154754893717,0.6875068445857352,1,0.0,0.0,0.0,1.0,129.27971197926672,129.9451902416651,0.6985068525163951,0.11702301750947579,0.18447012639084487,17024fb60c1211ec07973aa87989a33792fbad431f15c8d68842f71b0269afae,ola2_taxonomy_v1,False,UNKNOWN,FUNCTIONAL_LOCK,VIABLE,B,True,6357695ae876ac33,ring_3:FUNCTIONAL_LOCK:Roob_PE2_H2,R=0.592 PE=0.261 H=0.483 evals=4
0c79fe2c6791d9328debbc9f3228ac09f5d9f90e4ae4a0fea44dca08981fc8b1,ring_2,2,1,1.0,1.0,0.0,2,{},{},{},,ola2_taxonomy_v1,UNKNOWN,R_mean_lastW=na|entropy_quality=na|memory_score_k10=na|phase_var_lastW=na,True,True,4,4,4,4,4,True,True,4,True,0,0,0.0,1.0,0.4449049929506943,0.11673739811515885,0.2947556137345344,0.009445248177136302,0.6651300581473346,0.04947564672259889,0.971768139478135,1.6506065667245127e-10,0.9999969687636034,0.4449049929506943,0.11673739811515885,0.2947556137345344,0.009445248177136302,0.6651300581473346,0.04947564672259889,0.9256150791614962,1,0.0,0.0,0.0,1.0,90.08357278979383,91.38252610234777,0.6817431125968777,0.1393878855960057,0.17886899702542194,94429ab5ac7659af21b3c00f6b9b3e3e4cc63496bec1455123ebe5ecb3949a13,ola2_taxonomy_v1,False,UNKNOWN,FUNCTIONAL_LOCK,VIABLE,A,True,e1610169dc4e68ad,ring_2:FUNCTIONAL_LOCK:Roob_PE2_H2,R=0.665 PE=0.295 H=0.445 evals=4
ba4e43cc6a4f176a19c96d473efae4c552220806f1dc6c11a52e51524a63dc7f,ring_2,2,1,1.0,1.0,0.0,2,{},{},{},,ola2_taxonomy_v1,UNKNOWN,R_mean_lastW=na|entropy_quality=na|memory_score_k10=na|phase_var_lastW=na,True,True,4,4,4,4,4,True,True,4,True,0,0,0.0,1.0,0.5506832885967528,0.058622049348237955,0.2818694793085393,0.06224710775414444,0.6627648122457144,0.02905657933691049,0.9991475634806961,1.3845775485124973e-09,0.9999984633942988,0.5506832885967528,0.058622049348237955,0.2818694793085393,0.06224710775414444,0.6627648122457144,0.02905657933691049,0.7791633634587033,1,0.0,0.0,0.0,1.0,84.89637407497503,86.23462849343196,0.6643053987241663,0.03636446319905674,0.2993301317673278,8ed45a9911064fc9267ce055ab77f4c36a0ec613b03c106b041ee2db6ffa5c6c,ola2_taxonomy_v1,False,UNKNOWN,FUNCTIONAL_LOCK,VIABLE,A,True,ff5438f2dfdb3265,ring_2:FUNCTIONAL_LOCK:Roob_PE2_H3,R=0.663 PE=0.282 H=0.551 evals=4
54a442538f4a0d03256059bb1756521d76d8e5fee016cee8240b3d86fb9ca69d,ring_3,3,3,1.0,2.0,0.0,2,{},{},{},,ola2_taxonomy_v1,UNKNOWN,R_mean_lastW=na|entropy_quality=na|memory_score_k10=na|phase_var_lastW=na,True,True,4,4,4,4,4,True,True,4,True,0,0,0.0,1.0,0.5742707793672288,0.1646500170229985,0.25046990693678306,0.0004016649970908436,0.5972093601865643,0.027156666303116802,0.9212832729513725,0.003616573260838451,0.9782581510991295,0.5742707793672288,0.1646500170229985,0.25046990693678306,0.0004016649970908436,0.5972093601865643,0.027156666303116802,0.9545273933840668,1,0.0,0.0,0.0,1.0,133.06231101974845,133.25799774841872,0.5292044047876581,0.3324550531623638,0.13834053978755176,babaf582bdf57895ab2ac058869a47285349038060f4a2d6ff9702fbb2f7fff1,ola2_taxonomy_v1,False,UNKNOWN,FUNCTIONAL_LOCK,VIABLE,B,True,0da0683c4b5c61df,ring_3:FUNCTIONAL_LOCK:Roob_PE2_H3,R=0.597 PE=0.250 H=0.574 evals=4
9dcce7d294bceaa8062d16980bfbfb7b8fd0287cffe35cf293664461c40eedb0,ring_2,2,1,1.0,1.0,0.0,2,{},{},{},,ola2_taxonomy_v1,UNKNOWN,R_mean_lastW=na|entropy_quality=na|memory_score_k10=na|phase_var_lastW=na,True,True,4,4,4,4,4,True,True,4,True,0,0,0.0,1.0,0.5308209345624614,0.06657652033259287,0.1985769008842157,0.004326975205334562,0.689660837034809,0.015557282683188414,0.9983036894974333,8.34714823190853e-08,0.9999832059469,0.5308209345624614,0.06657652033259287,0.1985769008842157,0.004326975205334562,0.689660837034809,0.015557282683188414,0.9774421253930021,1,0.0,0.0,0.0,1.0,85.65062434895663,86.99489362218883,0.589693239562586,0.04531951479683681,0.3649872417620573,fdff5c029219cfdbf249878219e10017f95e52b7de2de04f0995e1490ed5b03e,ola2_taxonomy_v1,False,UNKNOWN,FUNCTIONAL_LOCK,VIABLE,A,True,ee740a232621f280,ring_2:FUNCTIONAL_LOCK:Roob_PE1_H3,R=0.690 PE=0.199 H=0.531 evals=4
6a0ae9da511771324ceb61b60316bb3bcb5a266d0c39acc42cfc7f35f79acdd1,ring_4,4,4,0.6666666666666666,2.0,0.0,2,{},{},{},,ola2_taxonomy_v1,UNKNOWN,R_mean_lastW=na|entropy_quality=na|memory_score_k10=na|phase_var_lastW=na,True,True,4,4,4,4,4,True,True,4,True,0,0,0.0,1.0,0.3532533677711748,0.08406887176375273,0.19639411377768115,0.007085356721558768,0.5046843676817325,0.015097046750440178,0.9355302443874978,2.3824115814496693e-06,0.9992419853815956,0.3532533677711748,0.08406887176375273,0.19639411377768115,0.007085356721558768,0.5046843676817325,0.015097046750440178,0.9639227643574928,1,0.0,0.0,0.0,1.0,171.91611555824056,173.0752224135329,0.8224114700650546,0.038307178747932547,0.13928134631364736,ad4447229bdc43486b2f7b4c56de1e7cee310d9d16a52de7fbd58a7e29c5765d,ola2_taxonomy_v1,False,UNKNOWN,FUNCTIONAL_LOCK,VIABLE,B,True,d738d5cef90d6aa4,ring_4:FUNCTIONAL_LOCK:Roob_PE1_H2,R=0.505 PE=0.196 H=0.353 evals=4
8f49275c506ae406474c977246f1d57a24b0e9eee3cca5180a068db197442b99,ring_3,3,3,1.0,2.0,0.0,2,{},{},{},,ola2_taxonomy_v1,UNKNOWN,R_mean_lastW=na|entropy_quality=na|memory_score_k10=na|phase_var_lastW=na,True,True,4,4,4,4,4,True,True,4,True,0,0,0.0,1.0,0.4823951446640689,0.07071911808644667,0.27946837709007893,0.0793089073936314,0.5745190135335638,0.017648839707459875,0.9698894868216489,7.186462115822132e-06,0.9999748664041047,0.4823951446640689,0.07071911808644667,0.27946837709007893,0.0793089073936314,0.5745190135335638,0.017648839707459875,0.7162150930297622,1,0.0,0.0,0.0,1.0,134.3093418343924,135.38912500464357,0.690046925151208,0.13652704944126678,0.17342602121549638,cc13e9de17f889d4e32cd47f2f80a05a93b0683fddb12a93e062e7887fae08c7,ola2_taxonomy_v1,False,UNKNOWN,FUNCTIONAL_LOCK,VIABLE,B,True,6357695ae876ac33,ring_3:FUNCTIONAL_LOCK:Roob_PE2_H2,R=0.575 PE=0.279 H=0.482 evals=4
1a40cd1653123cbd0d822423785584d0c4e0fc4599f53143792dc26e4f51154a,ring_2,2,1,1.0,1.0,0.0,2,{},{},{},,ola2_taxonomy_v1,UNKNOWN,R_mean_lastW=na|entropy_quality=na|memory_score_k10=na|phase_var_lastW=na,True,True,4,4,4,4,4,True,True,4,True,0,0,0.0,1.0,0.5211421940740406,0.20389839124638548,0.3606015949636645,0.004031924869365874,0.6721348274247043,0.032379805982504485,0.9083779524908564,6.448731642383333e-08,0.9998938318696414,0.5211421940740406,0.20389839124638548,0.3606015949636645,0.004031924869365874,0.6721348274247043,0.032379805982504485,0.9518254304622656,1,0.0,0.0,0.0,1.0,92.13345174974529,94.27200137895997,0.23398131634101163,0.6048749699590716,0.16114371270898292,490a05bc7aac78e21f4be5b6c77d31303dbf261527c3da1734d38dbd7b65d24b,ola2_taxonomy_v1,False,UNKNOWN,FUNCTIONAL_LOCK,VIABLE,A,True,ff5438f2dfdb3265,ring_2:FUNCTIONAL_LOCK:Roob_PE2_H3,R=0.672 PE=0.361 H=0.521 evals=4
63d3b54d3ec832ec29b919faf57beb60ee1a38d161c1629fecbb0b7858df5ced,ring_2,2,1,1.0,1.0,0.0,2,{},{},{},,ola2_taxonomy_v1,UNKNOWN,R_mean_lastW=na|entropy_quality=na|memory_score_k10=na|phase_var_lastW=na,True,True,4,4,4,4,4,True,True,4,True,0,0,0.0,1.0,0.2814289036241787,0.05863941743510152,0.196299327435195,0.008421040306804762,0.7112834955817804,0.051567490392554365,0.9811590317732648,4.001345972353162e-10,0.9999961353159716,0.2814289036241787,0.05863941743510152,0.196299327435195,0.008421040306804762,0.7112834955817804,0.051567490392554365,0.9275007915790655,1,0.0,0.0,0.0,1.0,89.30102865595836,89.5427875730209,0.8417172512193727,0.007128082893423857,0.15115466300399255,62f4b0b435cd8b40f1c452a4e8f91d3760dbf5805d70e0aeba85a8fb7cf14377,ola2_taxonomy_v1,False,UNKNOWN,FUNCTIONAL_LOCK,VIABLE,A,True,c5b04e6ae0f670fc,ring_2:FUNCTIONAL_LOCK:R0_PE1_H1,R=0.711 PE=0.196 H=0.281 evals=4
c3eccf8c72cb4e9b871c82d580575452340cffd08cf88adbf51686061952d1c9,ring_2,2,1,1.0,1.0,0.0,2,{},{},{},,ola2_taxonomy_v1,UNKNOWN,R_mean_lastW=na|entropy_quality=na|memory_score_k10=na|phase_var_lastW=na,True,True,4,4,4,4,4,True,True,4,True,0,0,0.0,1.0,0.33224076169920785,0.09432866659611319,0.18807442630677776,0.0026055445567634236,0.6534288128476602,0.04055262693318785,0.9862796738262263,6.133828474446964e-11,0.999998707090609,0.33224076169920785,0.09432866659611319,0.18807442630677776,0.0026055445567634236,0.6534288128476602,0.04055262693318785,0.9379387224195725,1,0.0,0.0,0.0,1.0,89.88574260822497,90.74465540683596,0.817613958169425,0.053845286682659844,0.1285407457731313,8964ad133b90138a94c8791b2e4c96791829583606711042d6162d2e9b67fc93,ola2_taxonomy_v1,False,UNKNOWN,FUNCTIONAL_LOCK,VIABLE,A,True,3a4d99d5b841605f,ring_2:FUNCTIONAL_LOCK:Roob_PE1_H2,R=0.653 PE=0.188 H=0.332 evals=4
6c638f02feeba8b2c41c6ca2e1810de56630940231caf83e03ad4ed7b681d4fd,ring_2,2,1,1.0,1.0,0.0,2,{},{},{},,ola2_taxonomy_v1,UNKNOWN,R_mean_lastW=na|entropy_quality=na|memory_score_k10=na|phase_var_lastW=na,True,True,4,4,4,4,4,True,True,4,True,0,0,0.0,1.0,0.4580325876729047,0.03564199054392535,0.25266894390042327,0.06206840326920851,0.6894120923250393,0.012235187191644376,0.9999152333153288,3.331820461195321e-13,0.9999999924846301,0.4580325876729047,0.03564199054392535,0.25266894390042327,0.06206840326920851,0.6894120923250393,0.012235187191644376,0.7543489029119873,1,0.0,0.0,0.0,1.0,79.8710930160014,81.35622248285217,0.7358437372506681,0.09756205262032296,0.16659420654782015,1c6dc47adaab903bdf00ef680adbb59291a4b25c7b10316bd42ba9801e682b54,ola2_taxonomy_v1,False,UNKNOWN,FUNCTIONAL_LOCK,VIABLE,A,True,e1610169dc4e68ad,ring_2:FUNCTIONAL_LOCK:Roob_PE2_H2,R=0.689 PE=0.253 H=0.458 evals=4
e9bca2a5906cf1d884843e99b606f3a5da370e392647c19c4d890d6b2c3b3861,ring_2,2,1,1.0,1.0,0.0,2,{},{},{},,ola2_taxonomy_v1,UNKNOWN,R_mean_lastW=na|entropy_quality=na|memory_score_k10=na|phase_var_lastW=na,True,True,4,4,4,4,4,True,True,4,True,0,0,0.0,1.0,0.3647019343691287,0.009321843202475345,0.2138394369145052,0.0003337366025882288,0.6290777485399397,0.1294231787580228,0.9679733161473307,3.2903591651647434e-12,0.9999995446073205,0.3647019343691287,0.009321843202475345,0.2138394369145052,0.0003337366025882288,0.6290777485399397,0.1294231787580228,0.7942652095732077,1,0.0,0.0,0.0,1.0,88.34770143480273,89.3347948916722,0.7756755677964433,0.12726431343128247,0.09706011213559725,5e89b0b140bcc9d3e6969b5fce86394c438adc7eb0e0e1d66a38d4488ee7507c,ola2_taxonomy_v1,False,UNKNOWN,FUNCTIONAL_LOCK,VIABLE,A,True,e1610169dc4e68ad,ring_2:FUNCTIONAL_LOCK:Roob_PE2_H2,R=0.629 PE=0.214 H=0.365 evals=4
50115793afe5297a247d500df64454132d59c9e8cdd3b80b14536c316c9ed90e,ring_2,2,1,1.0,1.0,0.0,2,{},{},{},,ola2_taxonomy_v1,UNKNOWN,R_mean_lastW=na|entropy_quality=na|memory_score_k10=na|phase_var_lastW=na,True,True,4,4,4,4,4,True,True,4,True,0,0,0.0,1.0,0.38799379839760545,0.028911005501046708,0.2559288288789071,0.0008335111050913971,0.6505478228759071,0.03280461702133643,0.8268096166402711,6.258850040217101e-05,0.9955574508272488,0.38799379839760545,0.028911005501046708,0.2559288288789071,0.0008335111050913971,0.6505478228759071,0.03280461702133643,0.9495738578044647,1,0.0,0.0,0.0,1.0,92.3040908559924,92.91227365389932,0.8025549704960984,0.11015379559576474,0.08729122200550275,06c89f5f6a6eea34b27da1aae75af12a3faaa23c268cbf2ef7af061cee535a0d,ola2_taxonomy_v1,False,UNKNOWN,FUNCTIONAL_LOCK,VIABLE,A,True,e1610169dc4e68ad,ring_2:FUNCTIONAL_LOCK:Roob_PE2_H2,R=0.651 PE=0.256 H=0.388 evals=4
8fbc2ec8cecc1f6859654d1298cf9b72bcb8f1fce03a5e8ee2e901df52e5b9c5,ring_2,2,1,1.0,1.0,0.0,2,{},{},{},,ola2_taxonomy_v1,UNKNOWN,R_mean_lastW=na|entropy_quality=na|memory_score_k10=na|phase_var_lastW=na,True,True,4,4,4,4,4,True,True,4,True,0,0,0.0,1.0,0.4527338359953165,0.08670494925640516,0.25752380135386516,0.057010908267521636,0.7251594704229459,0.05095692190940771,0.931284324975743,3.5669004288978354e-07,0.9997823417000185,0.4527338359953165,0.08670494925640516,0.25752380135386516,0.057010908267521636,0.7251594704229459,0.05095692190940771,0.7786188772928893,1,0.0,0.0,0.0,1.0,88.40102977951756,88.95516608373728,0.6793604395321298,0.1259467154582451,0.19469284020625244,d2aec791d6c7cde67739529e2b1cf2fc39de01c079bad15698b13b87e50e63b8,ola2_taxonomy_v1,False,UNKNOWN,FUNCTIONAL_LOCK,VIABLE,A,True,29a6648d414db444,ring_2:FUNCTIONAL_LOCK:R0_PE2_H2,R=0.725 PE=0.258 H=0.453 evals=4
51522e7fd9633b7aad2e6c5937b7ed0dce7cb42745d01d0b1d56997459d6602e,ring_2,2,1,1.0,1.0,0.0,2,{},{},{},,ola2_taxonomy_v1,UNKNOWN,R_mean_lastW=na|entropy_quality=na|memory_score_k10=na|phase_var_lastW=na,True,True,4,4,4,4,4,True,True,4,True,0,0,0.0,1.0,0.44225115087320066,0.0834552539739743,0.1909459658865121,0.0023088077372539306,0.6497895493959257,0.012308676576423674,0.9888228237785249,5.221928734785986e-11,0.9999989225913187,0.44225115087320066,0.0834552539739743,0.1909459658865121,0.0023088077372539306,0.6497895493959257,0.012308676576423674,0.9810574414625991,1,0.0,0.0,0.0,1.0,89.07234864932252,89.85964854352642,0.7118757250655536,0.039625760081662666,0.24849850728704173,158d32edd3f7ecddab0b494852e8778895f5f817430a6d3039f9e6fe0301f09f,ola2_taxonomy_v1,False,UNKNOWN,FUNCTIONAL_LOCK,VIABLE,A,True,3a4d99d5b841605f,ring_2:FUNCTIONAL_LOCK:Roob_PE1_H2,R=0.650 PE=0.191 H=0.442 evals=4
362a89423e27bb5422e939e3775589b42c97014c7697a3d3314a5ed6ef497d3b,ring_2,2,1,1.0,1.0,0.0,2,{},{},{},,ola2_taxonomy_v1,UNKNOWN,R_mean_lastW=na|entropy_quality=na|memory_score_k10=na|phase_var_lastW=na,True,True,4,4,4,4,4,True,True,4,True,0,0,0.0,1.0,0.5122213931266424,0.31000945872769353,0.3994320217637358,0.002870708892738673,0.7076352946029469,0.021610940829891116,0.9982149892147568,2.142589610024097e-11,0.9999997235531596,0.5122213931266424,0.31000945872769353,0.3994320217637358,0.002870708892738673,0.7076352946029469,0.021610940829891116,0.9694603406659966,1,0.0,0.0,0.0,1.0,87.65176284778863,88.53165235074702,0.268934534408666,0.58870645288983,0.14235901175370122,80c819b5724e1ee32382b5e5d4f67e9b0bc56b48a089c51c38d597316d814ba8,ola2_taxonomy_v1,False,UNKNOWN,FUNCTIONAL_LOCK,VIABLE,A,True,139c4319dd42d899,ring_2:FUNCTIONAL_LOCK:R0_PE2_H3,R=0.708 PE=0.399 H=0.512 evals=4
d1d741771824dd402a41a8ce9ca631466bda0f6b019aecaf37ebe974e953cb77,ring_3,3,3,1.0,2.0,0.0,2,{},{},{},,ola2_taxonomy_v1,UNKNOWN,R_mean_lastW=na|entropy_quality=na|memory_score_k10=na|phase_var_lastW=na,True,True,4,4,4,4,4,True,True,4,True,0,0,0.0,1.0,0.43402324171323076,0.10529369510086486,0.21867060180142514,0.02043915038442255,0.5577744053146639,0.025163679270353116,0.7731347024655516,0.00010899326960949743,0.9926098544822735,0.43402324171323076,0.10529369510086486,0.21867060180142514,0.02043915038442255,0.5577744053146639,0.025163679270353116,0.9065299577719031,1,0.0,0.0,0.0,1.0,126.39726483280538,136.7535529357032,0.7393554166913554,0.039528989327167696,0.2211155914772051,1944dfa9887b412cbfe8e5a396f914d9629431a91ac5801abcab37ba21498964,ola2_taxonomy_v1,False,UNKNOWN,FUNCTIONAL_LOCK,VIABLE,B,True,6357695ae876ac33,ring_3:FUNCTIONAL_LOCK:Roob_PE2_H2,R=0.558 PE=0.219 H=0.434 evals=4
242ddb15ab6924b376b966bb730fcb377ddb2803961375ca94b29d2203ab41e1,ring_4,4,4,0.6666666666666666,2.0,0.0,2,{},{},{},,ola2_taxonomy_v1,UNKNOWN,R_mean_lastW=na|entropy_quality=na|memory_score_k10=na|phase_var_lastW=na,True,True,4,4,4,4,4,True,True,4,True,0,0,0.0,1.0,0.47641674095717185,0.07175261802198293,0.2058983448455001,0.009439263818961185,0.5089602842150538,0.03357087453675766,0.944996348183606,0.00019925364860929465,0.993792228296525,0.47641674095717185,0.07175261802198293,0.2058983448455001,0.009439263818961185,0.5089602842150538,0.03357087453675766,0.9340402864861401,1,0.0,0.0,0.0,1.0,173.92901963955956,174.61893618616742,0.7123671894932303,0.016466304562696845,0.2711665044292913,7bf84d2f9d0f5e68ad2d4ea18bd3e7dfa4cd56dea98e22de71069055b8f6a346,ola2_taxonomy_v1,False,UNKNOWN,FUNCTIONAL_LOCK,VIABLE,B,True,187b25a031e6a911,ring_4:FUNCTIONAL_LOCK:Roob_PE2_H2,R=0.509 PE=0.206 H=0.476 evals=4
1b9881b27b150e48afe61c5ee5e9d64f43a1b075ec7debd9e0d76ed79855b7d9,ring_2,2,1,1.0,1.0,0.0,2,{},{},{},,ola2_taxonomy_v1,UNKNOWN,R_mean_lastW=na|entropy_quality=na|memory_score_k10=na|phase_var_lastW=na,True,True,4,4,4,4,4,True,True,4,True,0,0,0.0,1.0,0.5088105514021379,0.04221424405888988,0.2096010956048812,0.004476846796203305,0.6573938949455083,0.13502491246184187,0.9989864755638324,3.0905033313123256e-12,0.9999999208721868,0.5088105514021379,0.04221424405888988,0.2096010956048812,0.004476846796203305,0.6573938949455083,0.13502491246184187,0.7946057706041914,1,0.0,0.0,0.0,1.0,83.576742258796,84.4776587923523,0.6507951629250106,0.03810708377296479,0.31109775179264754,b22f289f452e3e06ae70d1c623059ae19b2934245a18ec59d3ae57b307d755a5,ola2_taxonomy_v1,False,UNKNOWN,FUNCTIONAL_LOCK,VIABLE,A,True,ff5438f2dfdb3265,ring_2:FUNCTIONAL_LOCK:Roob_PE2_H3,R=0.657 PE=0.210 H=0.509 evals=4
3313cfe08097d11a9ed543a327b639c19a2f37e7dab0dd2e19268f98e3801780,complete_4,4,6,1.0,3.0,0.0,2,{},{},{},,ola2_taxonomy_v1,UNKNOWN,R_mean_lastW=na|entropy_quality=na|memory_score_k10=na|phase_var_lastW=na,True,True,4,4,4,4,4,True,True,4,True,0,0,0.0,1.0,0.7360246585314768,0.09789483576648497,0.32616665551768986,0.0010370389164189322,0.5288026456996007,0.029244556094841362,0.9595904861010689,0.0009304536470421736,0.9967348512637196,0.7360246585314768,0.09789483576648497,0.32616665551768986,0.0010370389164189322,0.5288026456996007,0.029244556094841362,0.9446966532170975,1,0.0,0.0,0.0,1.0,179.1348012216622,186.741974485002,0.5415336533228502,0.28951345006054097,0.1689528947824457,b618ace12ddff995400e86acc7dc2d00c5cc615c5198c323364d584656df1b33,ola2_taxonomy_v1,False,UNKNOWN,FUNCTIONAL_LOCK,VIABLE,B,True,3036cda0c54cd23d,complete_4:FUNCTIONAL_LOCK:Roob_PE2_H4,R=0.529 PE=0.326 H=0.736 evals=4
0d99a6c29dc50d1f133a030c21e3474ef3492f88a42a09366ebc9cb264af4a0d,complete_5,5,10,1.0,4.0,0.0,2,{},{},{},,ola2_taxonomy_v1,UNKNOWN,R_mean_lastW=na|entropy_quality=na|memory_score_k10=na|phase_var_lastW=na,True,True,4,4,4,4,4,True,True,4,True,0,0,0.0,1.0,0.5312588110751999,0.02899438253071237,0.2159785387417736,0.0006349319435693331,0.4865127503440428,0.03197842082286061,0.9645032234014264,4.879570763526679e-09,0.999988910885675,0.5312588110751999,0.02899438253071237,0.2159785387417736,0.0006349319435693331,0.4865127503440428,0.03197842082286061,0.9342701279663345,1,0.0,0.0,0.0,1.0,216.27876042347634,222.9538773143082,0.6795294468610908,0.11484255140075023,0.2056280006281743,e239f48e070347bf0217f53d3582c2e2080248a5cbb21c8348cc948754e04ff7,ola2_taxonomy_v1,False,UNKNOWN,FUNCTIONAL_LOCK,VIABLE,B,True,b7ddc53b4a6f19e7,complete_5:FUNCTIONAL_LOCK:Roob_PE2_H3,R=0.487 PE=0.216 H=0.531 evals=4
de11afeaeaaf1a95d2084cce832280b01f87c2e449455f90c744970adf85ffa1,ring_3,3,3,1.0,2.0,0.0,2,{},{},{},,ola2_taxonomy_v1,UNKNOWN,R_mean_lastW=na|entropy_quality=na|memory_score_k10=na|phase_var_lastW=na,True,True,4,4,4,4,4,True,True,4,True,0,0,0.0,1.0,0.5762523966461961,0.05623293845072479,0.21472363524058868,0.023768668538094655,0.5749407209435603,0.033326083779404214,0.9364384691049782,3.0206882068124057e-08,0.9999306870932532,0.5762523966461961,0.05623293845072479,0.21472363524058868,0.023768668538094655,0.5749407209435603,0.033326083779404214,0.8893057650059675,1,0.0,0.0,0.0,1.0,132.81319655076368,134.19528302849503,0.6299391328574868,0.07532672914212823,0.2947341352214812,18a0f1714a0db1dd979c8f416413eb42ec2cb78562954bfd5b8e6f761b6cd6b6,ola2_taxonomy_v1,False,UNKNOWN,FUNCTIONAL_LOCK,VIABLE,B,True,0da0683c4b5c61df,ring_3:FUNCTIONAL_LOCK:Roob_PE2_H3,R=0.575 PE=0.215 H=0.576 evals=4
1aafc1d01c2c681c30b1d45acaac522c52fd0259a93cb853ca50c76e47b66b88,ring_2,2,1,1.0,1.0,0.0,2,{},{},{},,ola2_taxonomy_v1,UNKNOWN,R_mean_lastW=na|entropy_quality=na|memory_score_k10=na|phase_var_lastW=na,True,True,4,4,4,4,4,True,True,4,True,0,0,0.0,1.0,0.4282782211536246,0.05032796042276556,0.19434605275732952,0.004263816834229967,0.6553960075337498,0.047962965581705146,0.7792557226951455,0.00010511260329472427,0.993583350100681,0.4282782211536246,0.05032796042276556,0.19434605275732952,0.004263816834229967,0.6553960075337498,0.047962965581705146,0.9268183433674102,1,0.0,0.0,0.0,1.0,91.58584861055715,92.67494456487475,0.7577874794731726,0.0905452964722827,0.15166721810945938,b5dab086b46f181de2c20470897023ca99c7ac35fd90e99b719ac568f65fa7e6,ola2_taxonomy_v1,False,UNKNOWN,FUNCTIONAL_LOCK,VIABLE,A,True,3a4d99d5b841605f,ring_2:FUNCTIONAL_LOCK:Roob_PE1_H2,R=0.655 PE=0.194 H=0.428 evals=4
109ee0a72bc89edf2c203974e2d2a144aa704cfdc18dd03800b7f81765c1c476,ring_3,3,3,1.0,2.0,0.0,2,{},{},{},,ola2_taxonomy_v1,UNKNOWN,R_mean_lastW=na|entropy_quality=na|memory_score_k10=na|phase_var_lastW=na,True,True,4,4,4,4,4,True,True,4,True,0,0,0.0,1.0,0.42939488403522597,0.07617995303295126,0.18436346286568983,0.0011844375456433835,0.5318025267600208,0.08004863865615128,0.9540861834628983,0.00012510383355812885,0.997405143791848,0.42939488403522597,0.07617995303295126,0.18436346286568983,0.0011844375456433835,0.5318025267600208,0.08004863865615128,0.8494767613387559,1,0.0,0.0,0.0,1.0,133.7372410997632,138.21641548072222,0.7597956277182432,0.02138632436440084,0.2188180450610993,3799ad60ce639582885777a0bc5294261fe145c60a646ec3a10ba2308b916809,ola2_taxonomy_v1,False,UNKNOWN,FUNCTIONAL_LOCK,VIABLE,B,True,64df6b42e1735047,ring_3:FUNCTIONAL_LOCK:Roob_PE1_H2,R=0.532 PE=0.184 H=0.429 evals=4
ace85d3bdccbf7c3aeb2892ba29bec6bb22642485c71b6875289732b6a0eefb8,ring_3,3,3,1.0,2.0,0.0,2,{},{},{},,ola2_taxonomy_v1,UNKNOWN,R_mean_lastW=na|entropy_quality=na|memory_score_k10=na|phase_var_lastW=na,True,True,4,4,4,4,4,True,True,4,True,0,0,0.0,1.0,0.3915577223153022,0.03894302298795731,0.19604844751833864,0.0037219486975916616,0.562042174374434,0.02775079213119717,0.7750313361974329,0.0007779786077614566,0.9805307707364171,0.3915577223153022,0.03894302298795731,0.19604844751833864,0.0037219486975916616,0.562042174374434,0.02775079213119717,0.9506250715756617,1,0.0,0.0,0.0,1.0,129.80959478701698,133.03399079211522,0.805688178689033,0.0321641130450047,0.16214770006025203,41d22c4be9e04d97b4979b00c2963e7cead49eabbd6263fbef45e950fb9d3d28,ola2_taxonomy_v1,False,UNKNOWN,FUNCTIONAL_LOCK,VIABLE,B,True,64df6b42e1735047,ring_3:FUNCTIONAL_LOCK:Roob_PE1_H2,R=0.562 PE=0.196 H=0.392 evals=4
6f03e283b411785a58169bc99c2b5b9ce04792d62592d0ed7697076382440ea0,ring_2,2,1,1.0,1.0,0.0,2,{},{},{},,ola2_taxonomy_v1,UNKNOWN,R_mean_lastW=na|entropy_quality=na|memory_score_k10=na|phase_var_lastW=na,True,True,4,4,4,4,4,True,True,4,True,0,0,0.0,1.0,0.35264313834542865,0.07244703627371887,0.18822992478164632,0.007296342574778607,0.6073164850559956,0.12772619058328022,0.9999617417305544,5.741975057689517e-11,0.999999933691894,0.35264313834542865,0.07244703627371887,0.18822992478164632,0.007296342574778607,0.6073164850559956,0.12772619058328022,0.7896875949752893,1,0.0,0.0,0.0,1.0,79.77624820690835,81.21308752658078,0.7847832713649533,0.053200480783895006,0.1620162416729139,cd1b05181eca8ce1dccfd68ced3767bc8f6cbb699d898feea9b38dbfbaa36e5d,ola2_taxonomy_v1,False,UNKNOWN,FUNCTIONAL_LOCK,VIABLE,A,True,3a4d99d5b841605f,ring_2:FUNCTIONAL_LOCK:Roob_PE1_H2,R=0.607 PE=0.188 H=0.353 evals=4
d0b8fdd08c2e4607db6d5d5f1d7f8e7105ceb45a0ca858b9d3ebaa2eee130bb0,bipartite_2_2,4,4,0.6666666666666666,2.0,0.0,2,{},{},{},,ola2_taxonomy_v1,UNKNOWN,R_mean_lastW=na|entropy_quality=na|memory_score_k10=na|phase_var_lastW=na,True,True,4,4,4,4,4,True,True,4,True,0,0,0.0,1.0,0.45067519941389006,0.045962127314215624,0.20836534899193943,0.004708829158843295,0.4698925221446769,0.023375303784634115,0.9345221902999339,7.958265835439576e-05,0.9966103772849846,0.45067519941389006,0.045962127314215624,0.20836534899193943,0.004708829158843295,0.4698925221446769,0.023375303784634115,0.9502539353511206,1,0.0,0.0,0.0,1.0,173.02759992721258,174.86150972053875,0.7520090533165926,0.014997499666251248,0.23299344445376352,8a35a1e06650046ff68a7f287661152e1d78d94f985354af1b09e3c9d0015ef4,ola2_taxonomy_v1,False,UNKNOWN,FUNCTIONAL_LOCK,VIABLE,B,True,4fa825e3687f7b68,bipartite_2_2:FUNCTIONAL_LOCK:Roob_PE2_H2,R=0.470 PE=0.208 H=0.451 evals=4
25ef6bf381462e0b2955f0232bd212d0d53cd18e5fbbb0e3b08dd2d43bf53ea9,complete_5,5,10,1.0,4.0,0.0,2,{},{},{},,ola2_taxonomy_v1,UNKNOWN,R_mean_lastW=na|entropy_quality=na|memory_score_k10=na|phase_var_lastW=na,True,True,4,4,4,4,4,True,True,4,True,0,0,0.0,1.0,0.49684807213804666,0.057603132348322206,0.20946010772173382,0.012188460442027222,0.46327105814053815,0.045396884514439136,0.9410775313128084,1.1670565946434009e-05,0.9987733502714794,0.49684807213804666,0.057603132348322206,0.20946010772173382,0.012188460442027222,0.46327105814053815,0.045396884514439136,0.9020079417508798,1,0.0,0.0,0.0,1.0,208.7801100674551,209.36046137827216,0.7161689968975982,0.040218032612645185,0.24361296925426273,188fe4325ca2fe1f2dc38ab889ae6fd56aa7a76d58e18bb902ece92a5df6e38e,ola2_taxonomy_v1,False,UNKNOWN,FUNCTIONAL_LOCK,VIABLE,B,True,40200b36809cab65,complete_5:FUNCTIONAL_LOCK:Roob_PE2_H2,R=0.463 PE=0.209 H=0.497 evals=4
ab0aa995a4d1d79f4092e6386469060a95541bc4e661f1ef414633399406ff35,ring_2,2,1,1.0,1.0,0.0,2,{},{},{},,ola2_taxonomy_v1,UNKNOWN,R_mean_lastW=na|entropy_quality=na|memory_score_k10=na|phase_var_lastW=na,True,True,4,4,4,4,4,True,True,4,True,0,0,0.0,1.0,0.252023310771685,0.26757425763054127,0.3137087713774253,0.03672798144190261,0.6600162473968514,0.027178492698031333,0.983470464660029,1.732511805726899e-09,0.9999924638542875,0.252023310771685,0.26757425763054127,0.3137087713774253,0.03672798144190261,0.6600162473968514,0.027178492698031333,0.8829233199931318,1,0.0,0.0,0.0,1.0,91.21055278874701,92.55390501439106,0.06942161736062624,0.041955053116621815,0.8886233290047871,1c43e8e2397d092f75cc269cc1604b7a706c12107628dd2e9cd25716471be960,ola2_taxonomy_v1,False,UNKNOWN,FUNCTIONAL_LOCK,VIABLE,A,True,f261b0e8f0b24da2,ring_2:FUNCTIONAL_LOCK:Roob_PE2_H1,R=0.660 PE=0.314 H=0.252 evals=4
5713f0268e41e81608377e336a1578df3f1875982829c9e81c97e44ef5f6af50,ring_2,2,1,1.0,1.0,0.0,2,{},{},{},,ola2_taxonomy_v1,UNKNOWN,R_mean_lastW=na|entropy_quality=na|memory_score_k10=na|phase_var_lastW=na,True,True,4,4,4,4,4,True,True,4,True,0,0,0.0,1.0,0.3938169348228841,0.07386780451652732,0.20672657008035905,0.0005231779799118745,0.7040208669834275,0.08575150243453282,0.9712146366985193,2.086880771024169e-07,0.9998912487384186,0.3938169348228841,0.07386780451652732,0.20672657008035905,0.0005231779799118745,0.7040208669834275,0.08575150243453282,0.8781974988867036,1,0.0,0.0,0.0,1.0,88.64537215267774,89.232114804117,0.819566929577975,0.01664536748653048,0.16378769803465404,f466fde6254684a8b1bd9d3b02a4d997e0bcd25fdfd2331b4b3796bad2ae7e1a,ola2_taxonomy_v1,False,UNKNOWN,FUNCTIONAL_LOCK,VIABLE,A,True,29a6648d414db444,ring_2:FUNCTIONAL_LOCK:R0_PE2_H2,R=0.704 PE=0.207 H=0.394 evals=4
3bcea0137078703b45741152445e68e4dc77b235852614d7d83f07c624bc5ecb,ring_2,2,1,1.0,1.0,0.0,2,{},{},{},,ola2_taxonomy_v1,UNKNOWN,R_mean_lastW=na|entropy_quality=na|memory_score_k10=na|phase_var_lastW=na,True,True,4,4,4,4,4,True,True,4,True,0,0,0.0,1.0,0.3513470273403357,0.10682514418639306,0.1939101455810297,0.0028632798684192144,0.65491112527028,0.06544061588239827,0.9982881755658516,3.091810091533079e-12,0.9999998971592847,0.3513470273403357,0.10682514418639306,0.1939101455810297,0.0028632798684192144,0.65491112527028,0.06544061588239827,0.9000771045759971,1,0.0,0.0,0.0,1.0,87.78690678457497,88.31577784606489,0.8172390196106929,0.05308603638929417,0.1296749398066697,dd65138997647911e938668d487a049aeb67105a68bf6dbfa52e9a0e93ffa1d2,ola2_taxonomy_v1,False,UNKNOWN,FUNCTIONAL_LOCK,VIABLE,A,True,3a4d99d5b841605f,ring_2:FUNCTIONAL_LOCK:Roob_PE1_H2,R=0.655 PE=0.194 H=0.351 evals=4
0bc6e10ca734cc603a4b936853e60724d15ef71b0b74de85238c4813c346a256,ring_2,2,1,1.0,1.0,0.0,2,{},{},{},,ola2_taxonomy_v1,UNKNOWN,R_mean_lastW=na|entropy_quality=na|memory_score_k10=na|phase_var_lastW=na,True,True,4,4,4,4,4,True,True,4,True,0,0,0.0,1.0,0.2987060080283677,0.08082739096354406,0.19879380098082702,0.001993557372567134,0.7127702458376379,0.026898145730614616,0.999769898632026,1.214586789721586e-12,0.9999999763587528,0.2987060080283677,0.08082739096354406,0.19879380098082702,0.001993557372567134,0.7127702458376379,0.026898145730614616,0.962262530054121,1,0.0,0.0,0.0,1.0,79.24198428780073,80.6167064728099,0.867432636499303,0.00927742773304372,0.12328992674501682,842a3c1fdb4def8cf2fe55d480eedfd584e0a50cbc4430f899d952d1de3b32ee,ola2_taxonomy_v1,False,UNKNOWN,FUNCTIONAL_LOCK,VIABLE,A,True,c5b04e6ae0f670fc,ring_2:FUNCTIONAL_LOCK:R0_PE1_H1,R=0.713 PE=0.199 H=0.299 evals=4
61e6bd06f6f404f60d120746a178adef43826608400a98c561e334591ad038e5,ring_2,2,1,1.0,1.0,0.0,2,{},{},{},,ola2_taxonomy_v1,UNKNOWN,R_mean_lastW=na|entropy_quality=na|memory_score_k10=na|phase_var_lastW=na,True,True,4,4,4,4,4,True,True,4,True,0,0,0.0,1.0,0.3894853431025864,0.07324964711536591,0.1871767119868311,0.0005131645210426325,0.7162315226353579,0.04321336272558341,0.9945661779674164,2.401025126788152e-11,0.9999994898765142,0.3894853431025864,0.07324964711536591,0.1871767119868311,0.0005131645210426325,0.7162315226353579,0.04321336272558341,0.9396656508965414,1,0.0,0.0,0.0,1.0,88.72014751599636,89.0844190437696,0.7412553734555942,0.005272677763985777,0.25347194270709644,379ca55ef65aba2e3e64de66b9d7b7f5692d82ecabe0d9b8d9c9e49544b0d79e,ola2_taxonomy_v1,False,UNKNOWN,FUNCTIONAL_LOCK,VIABLE,A,True,e6cea0161a90be88,ring_2:FUNCTIONAL_LOCK:R0_PE1_H2,R=0.716 PE=0.187 H=0.389 evals=4
e45715799d9c0ab6f835834fcbd245cf417f861847308b65a7499618ccece80c,complete_4,4,6,1.0,3.0,0.0,2,{},{},{},,ola2_taxonomy_v1,UNKNOWN,R_mean_lastW=na|entropy_quality=na|memory_score_k10=na|phase_var_lastW=na,True,True,4,4,4,4,4,True,True,4,True,0,0,0.0,1.0,0.4379477161745659,0.09542956929218689,0.20763603132657313,0.01895405864118439,0.49279791871574985,0.05988425134990761,0.9724256344541901,0.034320117382545194,0.9512189436325384,0.4379477161745659,0.09542956929218689,0.20763603132657313,0.01895405864118439,0.49279791871574985,0.05988425134990761,0.8784811195916407,1,0.0,0.0,0.0,1.0,173.2026132629835,175.0070893557626,0.7555611634669682,0.05055501116260512,0.1938838237029822,1d34ab1bc8e9a9b48fe895881bf13e3d32b56796d36229db3128b765f25b8383,ola2_taxonomy_v1,False,UNKNOWN,FUNCTIONAL_LOCK,VIABLE,B,True,88649e81af49a513,complete_4:FUNCTIONAL_LOCK:Roob_PE2_H2,R=0.493 PE=0.208 H=0.438 evals=4
40df295cab4a052b875585d15714e38854092c93c8e7bdca6d02939600ecf156,ring_2,2,1,1.0,1.0,0.0,2,{},{},{},,ola2_taxonomy_v1,UNKNOWN,R_mean_lastW=na|entropy_quality=na|memory_score_k10=na|phase_var_lastW=na,True,True,4,4,4,4,4,True,True,4,True,0,0,0.0,1.0,0.4345191759593745,0.04073995835388621,0.19038081146882968,0.0032135836344191087,0.6347997676906707,0.05061823187103855,0.9077232749575328,6.582665510055265e-08,0.9998923697139127,0.4345191759593745,0.04073995835388621,0.19038081146882968,0.0032135836344191087,0.6347997676906707,0.05061823187103855,0.920261105237669,1,0.0,0.0,0.0,1.0,90.86773338180501,93.75061760393437,0.6845759987327064,0.0054593541676835776,0.3099646398204462,8356644540f61c8f3930cd7a53673444d9e118600424a71677bf617a7bec12e2,ola2_taxonomy_v1,False,UNKNOWN,FUNCTIONAL_LOCK,VIABLE,A,True,3a4d99d5b841605f,ring_2:FUNCTIONAL_LOCK:Roob_PE1_H2,R=0.635 PE=0.190 H=0.435 evals=4
f7b6d640e1937b2134917317906078532013f3329a7f941c98d5d8323475d256,ring_4,4,4,0.6666666666666666,2.0,0.0,2,{},{},{},,ola2_taxonomy_v1,UNKNOWN,R_mean_lastW=na|entropy_quality=na|memory_score_k10=na|phase_var_lastW=na,True,True,4,4,4,4,4,True,True,4,True,0,0,0.0,1.0,0.506082887899979,0.07953202240452553,0.26251894182733804,0.0467501923633326,0.5350681175058684,0.05243080636171309,0.7618156040147933,0.004056174370224117,0.9466107479791945,0.506082887899979,0.07953202240452553,0.26251894182733804,0.0467501923633326,0.5350681175058684,0.05243080636171309,0.821916879452909,1,0.0,0.0,0.0,1.0,126.93071058293572,164.57496475981316,0.7193847193136318,0.12567458982825613,0.15494068916284592,46552f6d9b38ff30de1d6584ba9f6cafa6a1bc11a7f5a5b9bacf672151e92a72,ola2_taxonomy_v1,False,UNKNOWN,FUNCTIONAL_LOCK,VIABLE,B,True,34c0b895c1d9f5c5,ring_4:FUNCTIONAL_LOCK:Roob_PE2_H3,R=0.535 PE=0.263 H=0.506 evals=4
d8fdfa2e093d1f13afbf728d5c3bee91acd5991e9077dcb2699d89bd97aa90f0,ring_3,3,3,1.0,2.0,0.0,2,{},{},{},,ola2_taxonomy_v1,UNKNOWN,R_mean_lastW=na|entropy_quality=na|memory_score_k10=na|phase_var_lastW=na,True,True,4,4,4,4,4,True,True,4,True,0,0,0.0,1.0,0.34521899418558677,0.08610726836090869,0.20696608047454199,0.0019266543402661307,0.5957177396196216,0.04248470716377746,0.985491213030932,1.1081180218452166e-10,0.9999984824208804,0.34521899418558677,0.08610726836090869,0.20696608047454199,0.0019266543402661307,0.5957177396196216,0.04248470716377746,0.9286831592577638,1,0.0,0.0,0.0,1.0,134.08725687221158,138.1395866550738,0.8377761863966926,0.01697663370900491,0.14524717676205523,eac9d52cb8622f125ec8fa625d1c2fba6f6eb3746011ccc7d5ffffab4e41d829,ola2_taxonomy_v1,False,UNKNOWN,FUNCTIONAL_LOCK,VIABLE,B,True,6357695ae876ac33,ring_3:FUNCTIONAL_LOCK:Roob_PE2_H2,R=0.596 PE=0.207 H=0.345 evals=4
716355e26e2b9f61ae3ca34ee1b5dc40d419d326ecbe2a66aed7d899bf40c9e3,ring_3,3,3,1.0,2.0,0.0,2,{},{},{},,ola2_taxonomy_v1,UNKNOWN,R_mean_lastW=na|entropy_quality=na|memory_score_k10=na|phase_var_lastW=na,True,True,4,4,4,4,4,True,True,4,True,0,0,0.0,1.0,0.4770220103562469,0.24123096574905595,0.22078068804762402,0.015871502119709082,0.6212919334214568,0.011628822749886008,0.914946009888517,3.391423327550305e-06,0.9991567324758561,0.4770220103562469,0.24123096574905595,0.22078068804762402,0.015871502119709082,0.6212919334214568,0.011628822749886008,0.9281119093338205,1,0.0,0.0,0.0,1.0,134.95757474721177,137.80407271631992,0.6678930558031966,0.22152440736343143,0.11058253357980267,158b7f3e861958760d3986de069471e4c6f2235daf140a3e6149a8ef2b5a95cf,ola2_taxonomy_v1,False,UNKNOWN,FUNCTIONAL_LOCK,VIABLE,A,True,6357695ae876ac33,ring_3:FUNCTIONAL_LOCK:Roob_PE2_H2,R=0.621 PE=0.221 H=0.477 evals=4
26d90bf420b06a100bbee6681de7cb1a923adcf451f6a6c07d52edeee8077b50,ring_2,2,1,1.0,1.0,0.0,2,{},{},{},,ola2_taxonomy_v1,UNKNOWN,R_mean_lastW=na|entropy_quality=na|memory_score_k10=na|phase_var_lastW=na,True,True,4,4,4,4,4,True,True,4,True,0,0,0.0,1.0,0.416885582720061,0.0579921215065896,0.21629455195796563,0.0007623780086697792,0.5725305390458614,0.11865397002810761,0.750420408267942,0.0005400889927151336,0.9846613814644137,0.416885582720061,0.0579921215065896,0.21629455195796563,0.0007623780086697792,0.5725305390458614,0.11865397002810761,0.792755212279422,1,0.0,0.0,0.0,1.0,74.9422843400389,83.35871242596768,0.7390791626675454,0.008017581399165006,0.25290324877921855,fcb91fa2f18ec822b13a161dd6a94a98560beff3c24d268085c67d8bb0427883,ola2_taxonomy_v1,False,UNKNOWN,FUNCTIONAL_LOCK,VIABLE,B,True,e1610169dc4e68ad,ring_2:FUNCTIONAL_LOCK:Roob_PE2_H2,R=0.573 PE=0.216 H=0.417 evals=4
91a8e263f4147c9bd588d3c257ed00b96d09d5674a36c8914298a46c99686d56,bipartite_2_2,4,4,0.6666666666666666,2.0,0.0,2,{},{},{},,ola2_taxonomy_v1,UNKNOWN,R_mean_lastW=na|entropy_quality=na|memory_score_k10=na|phase_var_lastW=na,True,True,4,4,4,4,4,True,True,4,True,0,0,0.0,1.0,0.553473618736875,0.08634879595670662,0.31771822728150756,0.0012217572791412795,0.5104625770627181,0.02464126798069055,0.8693153955891066,0.00011858775997627466,0.9934961365846849,0.553473618736875,0.08634879595670662,0.31771822728150756,0.0012217572791412795,0.5104625770627181,0.02464126798069055,0.9517275720338202,1,0.0,0.0,0.0,1.0,174.80522827908862,175.81403374945512,0.6567537501804062,0.21005187260969632,0.13319437434512932,6fd92e5825861941240f6d23341f20df71ab03c902f0455025fe61e19e453203,ola2_taxonomy_v1,False,UNKNOWN,FUNCTIONAL_LOCK,VIABLE,B,True,7cd2b5aea0f64b1d,bipartite_2_2:FUNCTIONAL_LOCK:Roob_PE2_H3,R=0.510 PE=0.318 H=0.553 evals=4
5f1943ea482b0498a63bfd83009168154199b04fa340083e7f25587553a75256,ring_2,2,1,1.0,1.0,0.0,2,{},{},{},,ola2_taxonomy_v1,UNKNOWN,R_mean_lastW=na|entropy_quality=na|memory_score_k10=na|phase_var_lastW=na,True,True,4,4,4,4,4,True,True,4,True,0,0,0.0,1.0,0.2822882596008302,0.0374904608045928,0.1881335385352144,0.0022459390473597973,0.6450425092400438,0.08145077384109195,0.7898395960058945,5.215657202421433e-06,0.9985999632898898,0.2822882596008302,0.0374904608045928,0.1881335385352144,0.0022459390473597973,0.6450425092400438,0.08145077384109195,0.8737280525324554,1,0.0,0.0,0.0,1.0,90.96564549370669,91.46992485674564,0.7878562828520358,0.041753953876545555,0.17038974753021677,444070afa2812dd5b9a25f682d0772b7cc8ddeda23f30fdbe5b8638027e0a1e1,ola2_taxonomy_v1,False,UNKNOWN,FUNCTIONAL_LOCK,VIABLE,A,True,631d30bc180a91a7,ring_2:FUNCTIONAL_LOCK:Roob_PE1_H1,R=0.645 PE=0.188 H=0.282 evals=4
f263abcb7f96c0ce2046d5c519c3d18deb9b001cab30c89ee96fbc2abfc5e373,bipartite_2_2,4,4,0.6666666666666666,2.0,0.0,2,{},{},{},,ola2_taxonomy_v1,UNKNOWN,R_mean_lastW=na|entropy_quality=na|memory_score_k10=na|phase_var_lastW=na,True,True,4,4,4,4,4,True,True,4,True,0,0,0.0,1.0,0.40163575533527085,0.06419967413955587,0.2166179685776222,0.00356996992962174,0.47898900655264587,0.036012488661923296,0.9306110290735129,0.0002078692268124144,0.9945668912699555,0.40163575533527085,0.06419967413955587,0.2166179685776222,0.00356996992962174,0.47898900655264587,0.036012488661923296,0.9248156258927309,1,0.0,0.0,0.0,1.0,172.85579103900818,173.61439065017038,0.8057348850083745,0.020406422989527086,0.17385868920623448,cab78332163d89243970ac974dcf0f9756be4d274df6093fd61b3213e98d7308,ola2_taxonomy_v1,False,UNKNOWN,FUNCTIONAL_LOCK,VIABLE,B,True,4fa825e3687f7b68,bipartite_2_2:FUNCTIONAL_LOCK:Roob_PE2_H2,R=0.479 PE=0.217 H=0.402 evals=4
6f51df3806c185e4f7186113c87f54d6aed6090d09da445cc3ab465f90fe6059,ring_4,4,4,0.6666666666666666,2.0,0.0,2,{},{},{},,ola2_taxonomy_v1,UNKNOWN,R_mean_lastW=na|entropy_quality=na|memory_score_k10=na|phase_var_lastW=na,True,True,4,4,4,4,4,True,True,4,True,0,0,0.0,1.0,0.5732425946309424,0.019252427570876227,0.19848569047564243,0.005832410369583178,0.5118168009187752,0.024233536833970615,0.9457589512887362,2.0602829332241272e-05,0.9983461975126857,0.5732425946309424,0.019252427570876227,0.19848569047564243,0.005832410369583178,0.5118168009187752,0.024233536833970615,0.9526519317254369,1,0.0,0.0,0.0,1.0,173.76276589353802,174.52444463659776,0.6198471388179767,0.054902550460648965,0.32525030952770495,0b9ce1cf5203ae0d09a1cf00f5df7b6103d2242a89018bd39622275aeb989c91,ola2_taxonomy_v1,False,UNKNOWN,FUNCTIONAL_LOCK,VIABLE,B,True,8761078724cdca43,ring_4:FUNCTIONAL_LOCK:Roob_PE1_H3,R=0.512 PE=0.198 H=0.573 evals=4
38b6ece7a42aabc74d0b5fbd849e0f62e1c420a1314c8035a9bd12c7103ebe53,ring_2,2,1,1.0,1.0,0.0,2,{},{},{},,ola2_taxonomy_v1,UNKNOWN,R_mean_lastW=na|entropy_quality=na|memory_score_k10=na|phase_var_lastW=na,True,True,4,4,4,4,4,True,True,4,True,0,0,0.0,1.0,0.3705474109535744,0.12265255009610582,0.1995419261658783,0.0035651199434978964,0.6650267925442959,0.014580536443557765,0.8435127810954132,0.00014658829523355092,0.9934726021784014,0.3705474109535744,0.12265255009610582,0.1995419261658783,0.0035651199434978964,0.6650267925442959,0.014580536443557765,0.9780752646253924,1,0.0,0.0,0.0,1.0,92.54415988991968,93.46477833756944,0.775734942197244,0.014501957857790064,0.20976309467489532,b4acbd8fa111cbf10705e9ffe7045d5ce34665663bfbde833047f88c622915dc,ola2_taxonomy_v1,False,UNKNOWN,FUNCTIONAL_LOCK,VIABLE,A,True,3a4d99d5b841605f,ring_2:FUNCTIONAL_LOCK:Roob_PE1_H2,R=0.665 PE=0.200 H=0.371 evals=4
8229ce5c27e1e36644a663482e584c85690398335668448f082589d1aeb849d8,ring_2,2,1,1.0,1.0,0.0,2,{},{},{},,ola2_taxonomy_v1,UNKNOWN,R_mean_lastW=na|entropy_quality=na|memory_score_k10=na|phase_var_lastW=na,True,True,4,4,4,4,4,True,True,4,True,0,0,0.0,1.0,0.2613232918813273,0.056623172107744195,0.19407092749465202,0.0004151303883441656,0.7127710156942266,0.014008706695434577,0.9858367544395846,2.745581710057355e-11,0.9999991212401933,0.2613232918813273,0.056623172107744195,0.19407092749465202,0.0004151303883441656,0.7127710156942266,0.014008706695434577,0.9803461330680088,1,0.0,0.0,0.0,1.0,91.55978102603694,94.29464289644966,0.8464574755799181,0.0636300524498339,0.08991244984148507,567d5971f00dc45571e7b4293bcb97a9f996c281bdc57561e21e09b4b6e9bd9a,ola2_taxonomy_v1,False,UNKNOWN,FUNCTIONAL_LOCK,VIABLE,A,True,c5b04e6ae0f670fc,ring_2:FUNCTIONAL_LOCK:R0_PE1_H1,R=0.713 PE=0.194 H=0.261 evals=4
f56bbb3211a4269e10fc6e3788171993e6047e9bf280ed91c5b66b8d41f550d7,ring_2,2,1,1.0,1.0,0.0,2,{},{},{},,ola2_taxonomy_v1,UNKNOWN,R_mean_lastW=na|entropy_quality=na|memory_score_k10=na|phase_var_lastW=na,True,True,4,4,4,4,4,True,True,4,True,0,0,0.0,1.0,0.4652371004002301,0.1777791840041509,0.3212339562894859,0.04166024775709737,0.6637911465766368,0.011106821823457574,0.9941877965321667,2.6600867052837842e-11,0.9999994447341954,0.4652371004002301,0.1777791840041509,0.3212339562894859,0.04166024775709737,0.6637911465766368,0.011106821823457574,0.8703118180957357,1,0.0,0.0,0.0,1.0,87.83897626103135,88.26411493995693,0.5868993176196705,0.31021664042791586,0.10288403131574386,9e2100285b07b71946c138560ffe4921f79cad86fd468dae3df54e7db11fc76b,ola2_taxonomy_v1,False,UNKNOWN,FUNCTIONAL_LOCK,VIABLE,A,True,e1610169dc4e68ad,ring_2:FUNCTIONAL_LOCK:Roob_PE2_H2,R=0.664 PE=0.321 H=0.465 evals=4
dc88c57b9b43ac2bc5944d0982394e2a4244bd2ad1aa90f046ea2591bde36ccf,ladder_2,4,4,0.6666666666666666,2.0,0.0,2,{},{},{},,ola2_taxonomy_v1,UNKNOWN,R_mean_lastW=na|entropy_quality=na|memory_score_k10=na|phase_var_lastW=na,True,True,4,4,4,4,4,True,True,4,True,0,0,0.0,1.0,0.69774093798019,0.05776110090913488,0.25086480170374825,0.0010193689880214148,0.4920755675362502,0.0182443058862347,0.8731848664105932,7.396043280020983e-05,0.9942642495240407,0.69774093798019,0.05776110090913488,0.25086480170374825,0.0010193689880214148,0.4920755675362502,0.0182443058862347,0.9629237720995146,1,0.0,0.0,0.0,1.0,174.51137968950206,174.68703150921502,0.4779711711180634,0.3797574593018189,0.1422713677386427,a6bf8d30e3bc012a1c76115e929be5cbd235e2a743d544039cffbfb86c9b12f2,ola2_taxonomy_v1,False,UNKNOWN,FUNCTIONAL_LOCK,VIABLE,B,True,c406389cacdb14b8,ladder_2:FUNCTIONAL_LOCK:Roob_PE2_H3,R=0.492 PE=0.251 H=0.698 evals=4
1294c01ff1fff359281f83c5b1b954efe297b6a9555c0d58ac55264ef5f463e5,ring_2,2,1,1.0,1.0,0.0,2,{},{},{},,ola2_taxonomy_v1,UNKNOWN,R_mean_lastW=na|entropy_quality=na|memory_score_k10=na|phase_var_lastW=na,True,True,4,4,4,4,4,True,True,4,True,0,0,0.0,1.0,0.36347520954274504,0.2686990885514026,0.40048503960896065,0.004034494672550068,0.7392914376577086,0.00792909574218728,0.994728539173521,4.88476031253495e-10,0.999997733466855,0.36347520954274504,0.2686990885514026,0.40048503960896065,0.004034494672550068,0.7392914376577086,0.00792909574218728,0.9892747361347658,1,0.0,0.0,0.0,1.0,88.54151657078182,89.45969419800676,0.19859473900521368,0.7327942065514086,0.068611053640407,7742d6c2ddce576ab8514b70855ee8b3f746feb1bff0dc1c5aec5cc0ec125e29,ola2_taxonomy_v1,False,UNKNOWN,FUNCTIONAL_LOCK,VIABLE,A,True,ac3864629af5c510,ring_2:FUNCTIONAL_LOCK:R0_PE3_H2,R=0.739 PE=0.400 H=0.363 evals=4
6a383fe791d665349c673243d55365b4da2483ff62a7ed21dc9762f0706c6646,ring_2,2,1,1.0,1.0,0.0,2,{},{},{},,ola2_taxonomy_v1,UNKNOWN,R_mean_lastW=na|entropy_quality=na|memory_score_k10=na|phase_var_lastW=na,True,True,4,4,4,4,4,True,True,4,True,0,0,0.0,1.0,0.4879424516817224,0.06807884272368576,0.18999274718311995,0.0014888762100428916,0.6574179607617073,0.11756823765248611,0.8937456122352533,1.852426104064656e-06,0.9993898185048667,0.4879424516817224,0.06807884272368576,0.18999274718311995,0.0014888762100428916,0.6574179607617073,0.11756823765248611,0.8211666783239882,1,0.0,0.0,0.0,1.0,90.740771554003,91.01663162619806,0.7087430524465446,0.054662505601582416,0.23659443873870378,cdd85157fe8ebce55bec3c8ac732adc2d737c55b828495b26d95dc224fe56295,ola2_taxonomy_v1,False,UNKNOWN,FUNCTIONAL_LOCK,VIABLE,A,True,3a4d99d5b841605f,ring_2:FUNCTIONAL_LOCK:Roob_PE1_H2,R=0.657 PE=0.190 H=0.488 evals=4
05507ec0145d2d586c0d2d036d4451c60cfbec8cbbac06111545988085c271fd,ring_3,3,3,1.0,2.0,0.0,2,{},{},{},,ola2_taxonomy_v1,UNKNOWN,R_mean_lastW=na|entropy_quality=na|memory_score_k10=na|phase_var_lastW=na,True,True,4,4,4,4,4,True,True,4,True,0,0,0.0,1.0,0.3664154222389543,0.02656443779838547,0.19943440046636526,0.007582523460895316,0.5662222302676484,0.027366165735087034,0.9608876094532343,1.932329604132669e-06,0.9996118561595402,0.3664154222389543,0.02656443779838547,0.19943440046636526,0.007582523460895316,0.5662222302676484,0.027366165735087034,0.9516688602597759,1,0.0,0.0,0.0,1.0,131.3066685895319,132.49697234331398,0.8003088464790129,0.024478802582570153,0.17521234763261617,2dfc1265e2900c58531c2e64483a82472ce8c3812c48a9537628d118c8e17b69,ola2_taxonomy_v1,False,UNKNOWN,FUNCTIONAL_LOCK,VIABLE,B,True,64df6b42e1735047,ring_3:FUNCTIONAL_LOCK:Roob_PE1_H2,R=0.566 PE=0.199 H=0.366 evals=4
a5ba934d4691865c1894a000e84d8ceee9792faeee041a18a2a5b0498558fdbb,bipartite_2_2,4,4,0.6666666666666666,2.0,0.0,2,{},{},{},,ola2_taxonomy_v1,UNKNOWN,R_mean_lastW=na|entropy_quality=na|memory_score_k10=na|phase_var_lastW=na,True,True,4,4,4,4,4,True,True,4,True,0,0,0.0,1.0,0.32919829292460756,0.06230389179124832,0.20664235459495361,0.003932072397170484,0.5758382030001777,0.030544061914530744,0.9991165027321286,2.9162377098647824e-08,0.9999903601975185,0.32919829292460756,0.06230389179124832,0.20664235459495361,0.003932072397170484,0.5758382030001777,0.030544061914530744,0.9469572151423907,1,0.0,0.0,0.0,1.0,165.78667907777708,168.6372487523593,0.8412000015989752,0.03504411413149598,0.1237558813480322,98826a9f638ab82568c0c89611828f502d267f412c285994a083fd9c6418d922,ola2_taxonomy_v1,False,UNKNOWN,FUNCTIONAL_LOCK,VIABLE,B,True,4fa825e3687f7b68,bipartite_2_2:FUNCTIONAL_LOCK:Roob_PE2_H2,R=0.576 PE=0.207 H=0.329 evals=4
458c6d53c8873050c4478d45df0203bdc12e821cf8b00945956ee8bc19d20cb8,ring_4,4,4,0.6666666666666666,2.0,0.0,2,{},{},{},,ola2_taxonomy_v1,UNKNOWN,R_mean_lastW=na|entropy_quality=na|memory_score_k10=na|phase_var_lastW=na,True,True,4,4,4,4,4,True,True,4,True,0,0,0.0,1.0,0.508235575378275,0.09519208590005032,0.2195729379384966,0.021683258349976753,0.5029343239339985,0.013259598270286938,0.9860884962062398,5.535694629632491e-06,0.9996992727476887,0.508235575378275,0.09519208590005032,0.2195729379384966,0.021683258349976753,0.5029343239339985,0.013259598270286938,0.9012480383349868,1,0.0,0.0,0.0,1.0,175.5992989577353,180.96269453178394,0.6646783198493008,0.11690674297789395,0.21841493472281537,fbdfac9e6941d80c9ae18065f1ced2a4562d365abce19433c9b6084f7cb5369d,ola2_taxonomy_v1,False,UNKNOWN,FUNCTIONAL_LOCK,VIABLE,B,True,34c0b895c1d9f5c5,ring_4:FUNCTIONAL_LOCK:Roob_PE2_H3,R=0.503 PE=0.220 H=0.508 evals=4
a8e04257b1923b90d4043ab06dce1ca9bb67f0f664aab3b1534407a27369ea41,ring_2,2,1,1.0,1.0,0.0,2,{},{},{},,ola2_taxonomy_v1,UNKNOWN,R_mean_lastW=na|entropy_quality=na|memory_score_k10=na|phase_var_lastW=na,True,True,4,4,4,4,4,True,True,4,True,0,0,0.0,1.0,0.5138815079242975,0.23066840948336365,0.2236997061159912,0.02193937445436488,0.6872575075666129,0.05090102441916407,0.9662893625625055,5.714532797670488e-10,0.9999938455531434,0.5138815079242975,0.23066840948336365,0.2236997061159912,0.02193937445436488,0.6872575075666129,0.05090102441916407,0.901924884769455,1,0.0,0.0,0.0,1.0,89.06444812798873,90.2910121818073,0.726440898590768,0.1369259748459513,0.136633117298344,8a39f7f455a15d5ae65f09a1290599047566b11a58f29cb19c9a08131d70a8d0,ola2_taxonomy_v1,False,UNKNOWN,FUNCTIONAL_LOCK,VIABLE,A,True,ff5438f2dfdb3265,ring_2:FUNCTIONAL_LOCK:Roob_PE2_H3,R=0.687 PE=0.224 H=0.514 evals=4
d7da51ca86c06c8d750348831e2af9e6b8ccd5902ab945915ed621420ff21aa1,ring_3,3,3,1.0,2.0,0.0,2,{},{},{},,ola2_taxonomy_v1,UNKNOWN,R_mean_lastW=na|entropy_quality=na|memory_score_k10=na|phase_var_lastW=na,True,True,4,4,4,4,4,True,True,4,True,0,0,0.0,1.0,0.2576110017987461,0.042552317011712866,0.21211317822978748,0.002123937919947422,0.5674312689078733,0.030210412430134417,0.9835291469001392,1.1236441957720022e-08,0.9999831643159955,0.2576110017987461,0.042552317011712866,0.21211317822978748,0.002123937919947422,0.5674312689078733,0.030210412430134417,0.9467593449894294,1,0.0,0.0,0.0,1.0,135.48933558369754,138.7894369064714,0.8437826260953669,0.014361674249180077,0.1418556960875329,99545db831ea8d020368880e248374673e3638e7927748d44bd1c0c920e12112,ola2_taxonomy_v1,False,UNKNOWN,FUNCTIONAL_LOCK,VIABLE,B,True,1fb225336c283f91,ring_3:FUNCTIONAL_LOCK:Roob_PE2_H1,R=0.567 PE=0.212 H=0.258 evals=4
24ecfee9e894c34881fb206284eabbbd072071468a63934cd00ef564200c1f0e,complete_4,4,6,1.0,3.0,0.0,2,{},{},{},,ola2_taxonomy_v1,UNKNOWN,R_mean_lastW=na|entropy_quality=na|memory_score_k10=na|phase_var_lastW=na,True,True,4,4,4,4,4,True,True,4,True,0,0,0.0,1.0,0.6005137029172065,0.04091079724106207,0.23663042757464536,0.01622056604345591,0.5041530766741049,0.029770175681055534,0.9278942548704722,0.001238901538015451,0.9969121961970748,0.6005137029172065,0.04091079724106207,0.23663042757464536,0.01622056604345591,0.5041530766741049,0.029770175681055534,0.9314519007140825,1,0.0,0.0,0.0,1.0,173.40892156003974,175.29216296233935,0.655869169551193,0.10216929550932169,0.24196153364807285,a63cd372021a09e624fb0aa3baa66e10c183fa39012baf55aabca40498172b61,ola2_taxonomy_v1,False,UNKNOWN,FUNCTIONAL_LOCK,VIABLE,B,True,340262789e51cbcb,complete_4:FUNCTIONAL_LOCK:Roob_PE2_H3,R=0.504 PE=0.237 H=0.601 evals=4
aeb64d9be00bcd6d6c9da120f7491a278e4878476208b175d4a0806b2808f60a,ring_2,2,1,1.0,1.0,0.0,2,{},{},{},,ola2_taxonomy_v1,UNKNOWN,R_mean_lastW=na|entropy_quality=na|memory_score_k10=na|phase_var_lastW=na,True,True,4,4,4,4,4,True,True,4,True,0,0,0.0,1.0,0.31232528700369383,0.05832715085666219,0.2163232062277,0.00039564462439588884,0.6379498004209585,0.03588420581544143,0.9908184663391506,5.657268233008641e-08,0.9999678614606237,0.31232528700369383,0.05832715085666219,0.2163232062277,0.00039564462439588884,0.6379498004209585,0.03588420581544143,0.9437507374533814,1,0.0,0.0,0.0,1.0,91.7308603064157,93.92294998029247,0.8321931864812838,0.01365605142518558,0.15415075553878105,30210ffb7cd454202cfdff46bf2b6397b0ebf000ac1efdaa0049f316e8728697,ola2_taxonomy_v1,False,UNKNOWN,FUNCTIONAL_LOCK,VIABLE,A,True,e1610169dc4e68ad,ring_2:FUNCTIONAL_LOCK:Roob_PE2_H2,R=0.638 PE=0.216 H=0.312 evals=4
6a3e4a354206152a8bb7b979aa6f91f5001a354e4ece6ad844238f009363f9ad,ring_2,2,1,1.0,1.0,0.0,2,{},{},{},,ola2_taxonomy_v1,UNKNOWN,R_mean_lastW=na|entropy_quality=na|memory_score_k10=na|phase_var_lastW=na,True,True,4,4,4,4,4,True,True,4,True,0,0,0.0,1.0,0.1659835868735413,0.17178772051860314,0.342154612117811,0.12158095211829542,0.6403883167895499,0.015313427254287986,0.9964536737888978,3.4383740897414704e-12,0.9999998439740374,0.1659835868735413,0.17178772051860314,0.342154612117811,0.12158095211829542,0.6403883167895499,0.015313427254287986,0.6446607825457792,1,0.0,0.0,0.0,1.0,88.4354659737437,88.8192591981846,0.26510785526904007,0.005351882102606594,0.7295402616678583,cdc0a251be82373f35f40745cd2911622c71a1b455087e2d3e5875f94bf43db5,ola2_taxonomy_v1,False,UNKNOWN,FUNCTIONAL_LOCK,VIABLE,A,True,f261b0e8f0b24da2,ring_2:FUNCTIONAL_LOCK:Roob_PE2_H1,R=0.640 PE=0.342 H=0.166 evals=4
5cc4eae47700cd63d6b846e8f818b2870d7d8637cd8746c4e1505f4a65bfe809,ring_3,3,3,1.0,2.0,0.0,2,{},{},{},,ola2_taxonomy_v1,UNKNOWN,R_mean_lastW=na|entropy_quality=na|memory_score_k10=na|phase_var_lastW=na,True,True,4,4,4,4,4,True,True,4,True,0,0,0.0,1.0,0.3322334614101371,0.08116054379376245,0.1948383952687281,0.004871398581686496,0.5964003417630354,0.030184529126218513,0.8717832393931563,9.211594212307114e-07,0.9997082558071065,0.3322334614101371,0.08116054379376245,0.1948383952687281,0.004871398581686496,0.5964003417630354,0.030184529126218513,0.9493888131636725,1,0.0,0.0,0.0,1.0,133.01482022501295,133.5638082617079,0.8322122752752206,0.010873279020700385,0.15691444210241984,812d47547a2235b3da7da3b8e2459d1cdfe872dd6d972d5cf2848d670963f7e9,ola2_taxonomy_v1,False,UNKNOWN,FUNCTIONAL_LOCK,VIABLE,B,True,64df6b42e1735047,ring_3:FUNCTIONAL_LOCK:Roob_PE1_H2,R=0.596 PE=0.195 H=0.332 evals=4
8bd37cd0b957476dc5e6fa2133b8badb283a080ac137878df3519f286b9d7ef9,ring_2,2,1,1.0,1.0,0.0,2,{},{},{},,ola2_taxonomy_v1,UNKNOWN,R_mean_lastW=na|entropy_quality=na|memory_score_k10=na|phase_var_lastW=na,True,True,4,4,4,4,4,True,True,4,True,0,0,0.0,1.0,0.5048941962992772,0.06628264266918976,0.1921787076616028,0.002713158006685741,0.6386427452777856,0.04097266772178065,0.9984314995555494,1.884339151639588e-09,0.9999975704758612,0.5048941962992772,0.06628264266918976,0.1921787076616028,0.002713158006685741,0.6386427452777856,0.04097266772178065,0.9358441507012515,1,0.0,0.0,0.0,1.0,85.67670826654648,86.97909167770995,0.6952174011787924,0.06894169901894188,0.23584089392839386,df11f288be7bf74af11d56b76ccb2e1347d0f280164e2ab6fdf856529d5afc89,ola2_taxonomy_v1,False,UNKNOWN,FUNCTIONAL_LOCK,VIABLE,A,True,ee740a232621f280,ring_2:FUNCTIONAL_LOCK:Roob_PE1_H3,R=0.639 PE=0.192 H=0.505 evals=4
fe5fcfa699ed73b3ba0876757f519d57e73a9d836d369b028c35143a0629bcf0,ring_2,2,1,1.0,1.0,0.0,2,{},{},{},,ola2_taxonomy_v1,UNKNOWN,R_mean_lastW=na|entropy_quality=na|memory_score_k10=na|phase_var_lastW=na,True,True,4,4,4,4,4,True,True,4,True,0,0,0.0,1.0,0.34148311912031043,0.024478753434184406,0.20640126007297596,0.0002654784558987578,0.6573366727116082,0.012661352610441181,0.7914906800063116,4.229148205940879e-06,0.9987436282747861,0.34148311912031043,0.024478753434184406,0.20640126007297596,0.0002654784558987578,0.6573366727116082,0.012661352610441181,0.9807384052403295,1,0.0,0.0,0.0,1.0,90.07373151992215,90.85847412623698,0.7700509118562393,0.006184092072268103,0.22376498828024452,3bdd7f32292b29af76d9fc555a02d6310cedf879cf2d022a332a36f0689c5112,ola2_taxonomy_v1,False,UNKNOWN,FUNCTIONAL_LOCK,VIABLE,A,True,e1610169dc4e68ad,ring_2:FUNCTIONAL_LOCK:Roob_PE2_H2,R=0.657 PE=0.206 H=0.341 evals=4
8f4477ee753fd42ffac24d1f320374609e9c2241ac75e7b7097ed68b3f0ab3ec,ring_2,2,1,1.0,1.0,0.0,2,{},{},{},,ola2_taxonomy_v1,UNKNOWN,R_mean_lastW=na|entropy_quality=na|memory_score_k10=na|phase_var_lastW=na,True,True,4,4,4,4,4,True,True,4,True,0,0,0.0,1.0,0.3373609154170957,0.052663683003702694,0.1887638759897315,0.0036539015547244896,0.511957446065508,0.22744297036418418,0.9991657744065194,3.309619289479665e-12,0.9999999257056161,0.3373609154170957,0.052663683003702694,0.1887638759897315,0.0036539015547244896,0.511957446065508,0.22744297036418418,0.555738524535335,1,0.0,0.0,0.0,1.0,84.27701967750909,84.95127076669596,0.823702275533603,0.0064387577404959664,0.16985895881349852,13befb673d412f41528a33042f415bdce674b9d7532d34dff9e38e2a8c98a8ff,ola2_taxonomy_v1,False,UNKNOWN,FUNCTIONAL_LOCK,VIABLE,B,True,3a4d99d5b841605f,ring_2:FUNCTIONAL_LOCK:Roob_PE1_H2,R=0.512 PE=0.189 H=0.337 evals=4
416ceb81b1fe1e72ab302e2a11d7d4a432b07fa0249b3b88d0fa4a4e89b3d0ca,ring_2,2,1,1.0,1.0,0.0,2,{},{},{},,ola2_taxonomy_v1,UNKNOWN,R_mean_lastW=na|entropy_quality=na|memory_score_k10=na|phase_var_lastW=na,True,True,4,4,4,4,4,True,True,4,True,0,0,0.0,1.0,0.25231790463587667,0.020680020643968438,0.21651380598870876,0.0004932408928029451,0.6677351512365413,0.030259737516933827,0.977548857733871,8.548703585956249e-11,0.9999980517999153,0.25231790463587667,0.020680020643968438,0.21651380598870876,0.0004932408928029451,0.6677351512365413,0.030259737516933827,0.9546830244582788,1,0.0,0.0,0.0,1.0,90.30928437004331,92.027891354647,0.8918745281040287,0.024303723910619503,0.08382173844236364,683682d2eee4c6f9ff57d07f2cb9cbfbb22d64c77896148c58067f2ca500dfd4,ola2_taxonomy_v1,False,UNKNOWN,FUNCTIONAL_LOCK,VIABLE,A,True,f261b0e8f0b24da2,ring_2:FUNCTIONAL_LOCK:Roob_PE2_H1,R=0.668 PE=0.217 H=0.252 evals=4
4221a2201c169ffdc2f055e24e90ca376a4a502c8c0a6ec325f64711a1f35dc8,ring_2,2,1,1.0,1.0,0.0,2,{},{},{},,ola2_taxonomy_v1,UNKNOWN,R_mean_lastW=na|entropy_quality=na|memory_score_k10=na|phase_var_lastW=na,True,True,4,4,4,4,4,True,True,4,True,0,0,0.0,1.0,0.5726329736649625,0.2676227978355465,0.25131838530020933,0.0006103890697396215,0.651857575400004,0.007959030317675333,0.9999324032796265,6.57951719785545e-13,0.9999999905687659,0.5726329736649625,0.2676227978355465,0.25131838530020933,0.0006103890697396215,0.651857575400004,0.007959030317675333,0.9877902311516571,1,0.0,0.0,0.0,1.0,79.42275319498731,80.90356588059804,0.5472319020355831,0.2759037469650943,0.17686434779795734,55297d0665c1fe4c71536a13d64d35767b164c14279cc5ad0c051a69828515ee,ola2_taxonomy_v1,False,UNKNOWN,FUNCTIONAL_LOCK,VIABLE,A,True,ff5438f2dfdb3265,ring_2:FUNCTIONAL_LOCK:Roob_PE2_H3,R=0.652 PE=0.251 H=0.573 evals=4
1d7ee58e14bd9381aeb26b3e3daaca64b9b675b0770969d53f804e8595d6df91,ring_2,2,1,1.0,1.0,0.0,2,{},{},{},,ola2_taxonomy_v1,UNKNOWN,R_mean_lastW=na|entropy_quality=na|memory_score_k10=na|phase_var_lastW=na,True,True,4,4,4,4,4,True,True,4,True,0,0,0.0,1.0,0.42100686813028565,0.09586684459263979,0.20433829688436578,0.02073790512803067,0.6913185337817496,0.029478480226780433,0.9581589364788629,8.664849427971769e-10,0.9999915744269173,0.42100686813028565,0.09586684459263979,0.20433829688436578,0.02073790512803067,0.6913185337817496,0.029478480226780433,0.8985119018596589,1,0.0,0.0,0.0,1.0,96.4774432759732,100.10810359707102,0.7460020389843348,0.05565217492858453,0.1983457775290809,04fc7f14f4eda1fb1cb8401b0b7d6981f347eff3b726d1cfb4b4abf08c71ca49,ola2_taxonomy_v1,False,UNKNOWN,FUNCTIONAL_LOCK,VIABLE,A,True,e1610169dc4e68ad,ring_2:FUNCTIONAL_LOCK:Roob_PE2_H2,R=0.691 PE=0.204 H=0.421 evals=4
b462a41d6eef30b006528d3d7c328383e4b756b155a1dc7485a99922216cd615,ring_2,2,1,1.0,1.0,0.0,2,{},{},{},,ola2_taxonomy_v1,UNKNOWN,R_mean_lastW=na|entropy_quality=na|memory_score_k10=na|phase_var_lastW=na,True,True,4,4,4,4,4,True,True,4,True,0,0,0.0,1.0,0.49337027961440816,0.06556772898399157,0.28276699289440993,0.02090516318556764,0.6927870892745889,0.0024842572019321946,0.9889784856914703,2.7518568851698304e-11,0.9999992233084803,0.49337027961440816,0.06556772898399157,0.28276699289440993,0.02090516318556764,0.6927870892745889,0.0024842572019321946,0.9260692948226317,1,0.0,0.0,0.0,1.0,89.98584196867887,90.52216797430302,0.6535714134951256,0.18730760549552233,0.1591209756065552,8e92a8199aed7744e0937d25dff46b285a6cebc8b9714ce7de39d27c5aca2dc0,ola2_taxonomy_v1,False,UNKNOWN,FUNCTIONAL_LOCK,VIABLE,A,True,e1610169dc4e68ad,ring_2:FUNCTIONAL_LOCK:Roob_PE2_H2,R=0.693 PE=0.283 H=0.493 evals=4
8a57e0bb06a33d1acd49edbb9f29abee81d73047a25f2f3228b06c7f50569cd0,ring_2,2,1,1.0,1.0,0.0,2,{},{},{},,ola2_taxonomy_v1,UNKNOWN,R_mean_lastW=na|entropy_quality=na|memory_score_k10=na|phase_var_lastW=na,True,True,4,4,4,4,4,True,True,4,True,0,0,0.0,1.0,0.36550886923948755,0.05825661747775442,0.20366403726333585,0.0011201933226732698,0.6780810965016837,0.00922785795690927,0.8072488676914586,0.0012996530584455893,0.9786121256373457,0.36550886923948755,0.05825661747775442,0.20366403726333585,0.0011201933226732698,0.6780810965016837,0.00922785795690927,0.9863912177989962,1,0.0,0.0,0.0,1.0,91.61474674526835,91.81525202502962,0.7772204640236361,0.011489270800372686,0.21129026127411432,facd3ae099ac634b95852311245b61994c9bd1c3fa827db610aac8078f73adfd,ola2_taxonomy_v1,False,UNKNOWN,FUNCTIONAL_LOCK,VIABLE,A,True,e1610169dc4e68ad,ring_2:FUNCTIONAL_LOCK:Roob_PE2_H2,R=0.678 PE=0.204 H=0.366 evals=4
dfc0edf68ec21d37e920b6e18979f7f08df7e3b455fcf36b5b4ef308f2342e8e,ring_2,2,1,1.0,1.0,0.0,2,{},{},{},,ola2_taxonomy_v1,UNKNOWN,R_mean_lastW=na|entropy_quality=na|memory_score_k10=na|phase_var_lastW=na,True,True,4,4,4,4,4,True,True,4,True,0,0,0.0,1.0,0.4963950641063658,0.1171555717304372,0.2864731892382453,0.0010683026072753567,0.6808597239823417,0.008647898869202959,0.9840095764649209,3.850243534526766e-11,0.9999988947873447,0.4963950641063658,0.1171555717304372,0.2864731892382453,0.0010683026072753567,0.6808597239823417,0.008647898869202959,0.9872985600930813,1,0.0,0.0,0.0,1.0,93.27666901919292,96.73388867350295,0.5270425192961807,0.3712397046176128,0.10171777329680692,1a373c47369ed000d3ee192eb92a272fdfd798b0debeea23c9e1b0f400ce9ce8,ola2_taxonomy_v1,False,UNKNOWN,FUNCTIONAL_LOCK,VIABLE,A,True,e1610169dc4e68ad,ring_2:FUNCTIONAL_LOCK:Roob_PE2_H2,R=0.681 PE=0.286 H=0.496 evals=4
e1f8aa25982307ff32202d94f49cc46a64e8f4eeb04795618475f8cd81063232,ring_2,2,1,1.0,1.0,0.0,2,{},{},{},,ola2_taxonomy_v1,UNKNOWN,R_mean_lastW=na|entropy_quality=na|memory_score_k10=na|phase_var_lastW=na,True,True,4,4,4,4,4,True,True,4,True,0,0,0.0,1.0,0.4940526244980933,0.09603497775838261,0.2725080355259248,0.04306414255700602,0.6713906964059012,0.010126741200539066,0.9447981916564007,6.140714264671554e-06,0.9991863396780627,0.4940526244980933,0.09603497775838261,0.2725080355259248,0.04306414255700602,0.6713906964059012,0.010126741200539066,0.8419711093146494,1,0.0,0.0,0.0,1.0,89.67994964245008,90.06475580711849,0.6193065238858444,0.12815545240247034,0.25253802219221727,043a3f70e2cb3304d7412ee68a20f9c0189e94acad96b5f1bce737302f714a0f,ola2_taxonomy_v1,False,UNKNOWN,FUNCTIONAL_LOCK,VIABLE,A,True,e1610169dc4e68ad,ring_2:FUNCTIONAL_LOCK:Roob_PE2_H2,R=0.671 PE=0.273 H=0.494 evals=4
b07d24bab5af5b2a60803e060b07d5cc7091a80277a0e928918c2de2e4c8d6ba,ring_2,2,1,1.0,1.0,0.0,2,{},{},{},,ola2_taxonomy_v1,UNKNOWN,R_mean_lastW=na|entropy_quality=na|memory_score_k10=na|phase_var_lastW=na,True,True,4,4,4,4,4,True,True,4,True,0,0,0.0,1.0,0.4275089973852325,0.057043375609270336,0.18884835368699232,0.003037019326187636,0.6884098779514461,0.013475796460639011,0.8736657318366003,3.774124037085973e-07,0.9997011730206257,0.4275089973852325,0.057043375609270336,0.18884835368699232,0.003037019326187636,0.6884098779514461,0.013475796460639011,0.9804247485513428,1,0.0,0.0,0.0,1.0,90.64912681427086,91.95757975276793,0.7430821947927708,0.011653796781631962,0.24526399821974684,17f20109647d542a74236a0591a0ec338adacc055849423471e2495654f2a794,ola2_taxonomy_v1,False,UNKNOWN,FUNCTIONAL_LOCK,VIABLE,A,True,3a4d99d5b841605f,ring_2:FUNCTIONAL_LOCK:Roob_PE1_H2,R=0.688 PE=0.189 H=0.428 evals=4
6f4427b279de1cd7e00821bd827c0ededc8ca183fc8a3be1a194bdee59813493,ring_2,2,1,1.0,1.0,0.0,2,{},{},{},,ola2_taxonomy_v1,UNKNOWN,R_mean_lastW=na|entropy_quality=na|memory_score_k10=na|phase_var_lastW=na,True,True,4,4,4,4,4,True,True,4,True,0,0,0.0,1.0,0.3715636333863018,0.10963034867258444,0.1978671109811173,0.00017970418013682753,0.6687939090730226,0.036511121611764355,0.9958794263379336,2.6360390565307985e-10,0.9999985276996982,0.3715636333863018,0.10963034867258444,0.1978671109811173,0.00017970418013682753,0.6687939090730226,0.036511121611764355,0.9454075147568698,1,0.0,0.0,0.0,1.0,88.03671607351862,88.70390829340322,0.7781990738886124,0.01136101840191568,0.21043990236979235,fff266ea1d7e67076dfd1a8d7284fd4f601b3aced6e5aa2e436ada6681b76345,ola2_taxonomy_v1,False,UNKNOWN,FUNCTIONAL_LOCK,VIABLE,A,True,3a4d99d5b841605f,ring_2:FUNCTIONAL_LOCK:Roob_PE1_H2,R=0.669 PE=0.198 H=0.372 evals=4
2b9244d27a57d5425091171578a2d8407189fb4bee87d9f181d789d1090b9b56,ring_3,3,3,1.0,2.0,0.0,2,{},{},{},,ola2_taxonomy_v1,UNKNOWN,R_mean_lastW=na|entropy_quality=na|memory_score_k10=na|phase_var_lastW=na,True,True,4,4,4,4,4,True,True,4,True,0,0,0.0,1.0,0.41971824296056354,0.12087023711088292,0.19799794878921212,0.008132965773791063,0.5891890298225935,0.01945320993079071,0.9598792785987684,2.837185696827318e-06,0.9994566897921855,0.41971824296056354,0.12087023711088292,0.19799794878921212,0.008132965773791063,0.5891890298225935,0.01945320993079071,0.9589239897507758,1,0.0,0.0,0.0,1.0,135.18101933749858,143.1333577029989,0.7495103748198992,0.05568659910696512,0.19480302364530935,0329172d77234eb1d0651ede954121fedc67bf6625fa039031ee8262f423a0ce,ola2_taxonomy_v1,False,UNKNOWN,FUNCTIONAL_LOCK,VIABLE,B,True,64df6b42e1735047,ring_3:FUNCTIONAL_LOCK:Roob_PE1_H2,R=0.589 PE=0.198 H=0.420 evals=4
1e9afe777375003f8a47d7893d5e3c17a718deb058e00d8403fae6514befbbf9,ring_2,2,1,1.0,1.0,0.0,2,{},{},{},,ola2_taxonomy_v1,UNKNOWN,R_mean_lastW=na|entropy_quality=na|memory_score_k10=na|phase_var_lastW=na,True,True,4,4,4,4,4,True,True,4,True,0,0,0.0,1.0,0.3696122085528241,0.028759529604206604,0.30103634675092905,0.10440103284368038,0.6812987526088331,0.03745635199083798,0.9600268685973252,3.3986314372062875e-10,0.9999948397929896,0.3696122085528241,0.028759529604206604,0.30103634675092905,0.10440103284368038,0.6812987526088331,0.03745635199083798,0.6531945927112266,1,0.0,0.0,0.0,1.0,92.50594100233866,94.42519268605392,0.45135787937786453,0.0011875654653505454,0.5474545526792105,9b84baf0e8bfd97d612aaaad6f8c42c5cb321f3f1cafe4d55c6461ad722f854e,ola2_taxonomy_v1,False,UNKNOWN,FUNCTIONAL_LOCK,VIABLE,A,True,e1610169dc4e68ad,ring_2:FUNCTIONAL_LOCK:Roob_PE2_H2,R=0.681 PE=0.301 H=0.370 evals=4
7384ce23797262ca37f75a5b5d425c3a7705b52f55cc8a10705b8aef4e1d5d19,ring_2,2,1,1.0,1.0,0.0,2,{},{},{},,ola2_taxonomy_v1,UNKNOWN,R_mean_lastW=na|entropy_quality=na|memory_score_k10=na|phase_var_lastW=na,True,True,4,4,4,4,4,True,True,4,True,0,0,0.0,1.0,0.4165710030596069,0.04696285032848699,0.2117635916658322,0.0009065948607707904,0.6884114236150591,0.026774977197827732,0.996618487254513,2.0402801255624213e-10,0.9999988262487985,0.4165710030596069,0.04696285032848699,0.2117635916658322,0.0009065948607707904,0.6884114236150591,0.026774977197827732,0.9611061404861294,1,0.0,0.0,0.0,1.0,89.07250543654663,89.65665120482444,0.7838504067958832,0.024217450345347644,0.19193213856605362,5c0b824b6e5a93f5828e3504e6bb642a817a5d6d9280a258bde9e996d479d387,ola2_taxonomy_v1,False,UNKNOWN,FUNCTIONAL_LOCK,VIABLE,A,True,e1610169dc4e68ad,ring_2:FUNCTIONAL_LOCK:Roob_PE2_H2,R=0.688 PE=0.212 H=0.417 evals=4
6acdf6c10d2f4f02464ccb23e30c153d785fa552464b0fae4a961ecb083208c0,complete_5,5,10,1.0,4.0,0.0,2,{},{},{},,ola2_taxonomy_v1,UNKNOWN,R_mean_lastW=na|entropy_quality=na|memory_score_k10=na|phase_var_lastW=na,True,True,4,4,4,4,4,True,True,4,True,0,0,0.0,1.0,0.6671658295211248,0.15980199181258642,0.24492890890637029,0.002292263214160797,0.5223737609774249,0.013812995033763709,0.987498531459244,5.233384269521481e-06,0.999844063928108,0.6671658295211248,0.15980199181258642,0.24492890890637029,0.002292263214160797,0.5223737609774249,0.013812995033763709,0.9735572571487551,1,0.0,0.0,0.0,1.0,215.24281341774622,222.44074321497465,0.40813888164406825,0.4350708405763862,0.15679027652941457,3fceeaf5a5e5f5503dfaa0bac1645837d353914b7673b34ffce2433826bfd931,ola2_taxonomy_v1,False,UNKNOWN,FUNCTIONAL_LOCK,VIABLE,B,True,b7ddc53b4a6f19e7,complete_5:FUNCTIONAL_LOCK:Roob_PE2_H3,R=0.522 PE=0.245 H=0.667 evals=4
ac251d6851150c2811e342b2f02af7b30335a1000b22c485ddab4f0f63cf440f,ring_2,2,1,1.0,1.0,0.0,2,{},{},{},,ola2_taxonomy_v1,UNKNOWN,R_mean_lastW=na|entropy_quality=na|memory_score_k10=na|phase_var_lastW=na,True,True,4,4,4,4,4,True,True,4,True,0,0,0.0,1.0,0.3207355566356871,0.1066679566385503,0.18850239562810048,0.0038957934387065757,0.618084897267372,0.11894620734401032,0.9975473823145455,2.039138662035055e-11,0.9999996839188471,0.3207355566356871,0.1066679566385503,0.18850239562810048,0.0038957934387065757,0.618084897267372,0.11894620734401032,0.8075568455565152,1,0.0,0.0,0.0,1.0,86.63325329998042,87.23043820640305,0.8031785195756402,0.004695116372039177,0.19212635739628303,9e88aad15abef19fd8bfee31dbfd54cafd5777cd1b63d8c7951ec4c7a6f25956,ola2_taxonomy_v1,False,UNKNOWN,FUNCTIONAL_LOCK,VIABLE,A,True,3a4d99d5b841605f,ring_2:FUNCTIONAL_LOCK:Roob_PE1_H2,R=0.618 PE=0.189 H=0.321 evals=4
bbeea97e09234834e81d2b03db4f9c6fad9c50b09523641324af505b3adf8dc5,ring_2,2,1,1.0,1.0,0.0,2,{},{},{},,ola2_taxonomy_v1,UNKNOWN,R_mean_lastW=na|entropy_quality=na|memory_score_k10=na|phase_var_lastW=na,True,True,4,4,4,4,4,True,True,4,True,0,0,0.0,1.0,0.28352037876927183,0.04987014846553886,0.19005190981109757,0.006841128046324372,0.6569166389372263,0.020581251436403346,0.9491974814842656,8.477847236957152e-09,0.9999710276346372,0.28352037876927183,0.04987014846553886,0.19005190981109757,0.006841128046324372,0.6569166389372263,0.020581251436403346,0.9640038973924329,1,0.0,0.0,0.0,1.0,89.31413996225456,90.11771090747789,0.8741804351313966,0.01166411252825243,0.11415544211157325,e2160c65ac1efdf3d2abbc5d7845edc60f75f4ea4d97051b27f6dbdf1560b646,ola2_taxonomy_v1,False,UNKNOWN,FUNCTIONAL_LOCK,VIABLE,A,True,631d30bc180a91a7,ring_2:FUNCTIONAL_LOCK:Roob_PE1_H1,R=0.657 PE=0.190 H=0.284 evals=4
77ece501f2c4a1b8e1a3111742321460c20bb4263ec7c7b87993c57574a5641e,ring_3,3,3,1.0,2.0,0.0,2,{},{},{},,ola2_taxonomy_v1,UNKNOWN,R_mean_lastW=na|entropy_quality=na|memory_score_k10=na|phase_var_lastW=na,True,True,4,4,4,4,4,True,True,4,True,0,0,0.0,1.0,0.4399814961198949,0.05513938342918623,0.20222056842015246,0.021377063751659153,0.5729811965043218,0.05128398337978181,0.8394635064359948,0.00019730832598590696,0.9914420599940703,0.4399814961198949,0.05513938342918623,0.20222056842015246,0.021377063751659153,0.5729811965043218,0.05128398337978181,0.8942883806594581,1,0.0,0.0,0.0,1.0,133.40182248095516,135.49259674220812,0.7891198665482393,0.06615529884726766,0.1447248326176191,2973eee4459c342dc6f76e425103d757cc81f893f749c33059d7387bc9304d93,ola2_taxonomy_v1,False,UNKNOWN,FUNCTIONAL_LOCK,VIABLE,B,True,6357695ae876ac33,ring_3:FUNCTIONAL_LOCK:Roob_PE2_H2,R=0.573 PE=0.202 H=0.440 evals=4
5858800012f970ec259e0ba799aaf791004247c420c6a810cd494bff026e0717,ring_2,2,1,1.0,1.0,0.0,2,{},{},{},,ola2_taxonomy_v1,UNKNOWN,R_mean_lastW=na|entropy_quality=na|memory_score_k10=na|phase_var_lastW=na,True,True,4,4,4,4,4,True,True,4,True,0,0,0.0,1.0,0.20330887023280733,0.1495868740662089,0.5540795682568127,0.01831424302914657,0.6480311934042945,0.023702791716473694,0.9880572221298581,5.862224508163043e-11,0.9999988202325096,0.20330887023280733,0.1495868740662089,0.5540795682568127,0.01831424302914657,0.6480311934042945,0.023702791716473694,0.9634233784457873,1,0.0,0.0,0.0,1.0,89.60433578916127,91.22598175245803,0.0793613161118433,0.0038046991751184665,0.9168339842033646,127e5b48da2d69d04fdc6f0d3c616f92b71e6ce6dd3c066e3dfa093eea7e7507,ola2_taxonomy_v1,False,UNKNOWN,FUNCTIONAL_LOCK,VIABLE,A,True,f0557bf15eafec94,ring_2:FUNCTIONAL_LOCK:Roob_PE3_H1,R=0.648 PE=0.554 H=0.203 evals=4
f7dda27378273be395cd8b6fb0971a94a835830436ed9a57851edb4af64285fa,ring_2,2,1,1.0,1.0,0.0,2,{},{},{},,ola2_taxonomy_v1,UNKNOWN,R_mean_lastW=na|entropy_quality=na|memory_score_k10=na|phase_var_lastW=na,True,True,4,4,4,4,4,True,True,4,True,0,0,0.0,1.0,0.20505056435554025,0.026235378102616568,0.20633866666787465,0.007391436365202082,0.6857737550712364,0.013036713648358548,0.9984841750368052,8.37091840649878e-12,0.999999840757873,0.20505056435554025,0.026235378102616568,0.20633866666787465,0.007391436365202082,0.6857737550712364,0.013036713648358548,0.9641781325596165,1,0.0,0.0,0.0,1.0,86.93350303679472,88.4711725551053,0.9117883153435093,0.014520407455532881,0.07369126811717286,102f05d7a0ffe32fd632f1e84746f92ec4e075c8d5012e935d0e422774fb81d9,ola2_taxonomy_v1,False,UNKNOWN,FUNCTIONAL_LOCK,VIABLE,A,True,f261b0e8f0b24da2,ring_2:FUNCTIONAL_LOCK:Roob_PE2_H1,R=0.686 PE=0.206 H=0.205 evals=4
89e3033bc59961e074243a074addbb7d77d09634b4e5031dae563bb6d5fdf219,ring_4,4,4,0.6666666666666666,2.0,0.0,2,{},{},{},,ola2_taxonomy_v1,UNKNOWN,R_mean_lastW=na|entropy_quality=na|memory_score_k10=na|phase_var_lastW=na,True,True,4,4,4,4,4,True,True,4,True,0,0,0.0,1.0,0.4913503406400545,0.21647456129525713,0.245297170941421,0.0003265482541193093,0.5041683501438615,0.08686380034281768,0.9726176997367104,6.149146371457338e-05,0.9999254791660617,0.4913503406400545,0.21647456129525713,0.245297170941421,0.0003265482541193093,0.5041683501438615,0.08686380034281768,0.8277087399119132,1,0.0,0.0,0.0,1.0,172.01487455202732,173.15935024912469,0.6639349091751298,0.11959913036785706,0.21646595811871275,e7ebf023da8e450498511307a192913bbbb06be42aacf2d4ace6fcc79a26d47c,ola2_taxonomy_v1,False,UNKNOWN,FUNCTIONAL_LOCK,VIABLE,B,True,187b25a031e6a911,ring_4:FUNCTIONAL_LOCK:Roob_PE2_H2,R=0.504 PE=0.245 H=0.491 evals=4
c4d23de72877ea3e27a04e19c54f79dff54312ff0bf8905001f77b4fe2324622,ring_4,4,4,0.6666666666666666,2.0,0.0,2,{},{},{},,ola2_taxonomy_v1,UNKNOWN,R_mean_lastW=na|entropy_quality=na|memory_score_k10=na|phase_var_lastW=na,True,True,4,4,4,4,4,True,True,4,True,0,0,0.0,1.0,0.7169344134253923,0.0970835896892212,0.3637545239632883,0.000855585369498471,0.5484947345511992,0.03521746016946964,0.8939373752659792,4.810659307340848e-05,0.9967637768440645,0.7169344134253923,0.0970835896892212,0.3637545239632883,0.000855585369498471,0.5484947345511992,0.03521746016946964,0.935792528257749,1,0.0,0.0,0.0,1.0,174.32527483726153,175.03537319311872,0.3941292860460877,0.4573931885557894,0.1484775246124503,6f86b651082cab7303011306209ad2772659d06d52be740e7644576d16e683c2,ola2_taxonomy_v1,False,UNKNOWN,FUNCTIONAL_LOCK,VIABLE,B,True,b0417b0a74924b3b,ring_4:FUNCTIONAL_LOCK:Roob_PE2_H4,R=0.548 PE=0.364 H=0.717 evals=4
57a93403831f0a95567866085c17b1d7a0d461de095aae9ab134539d02c010b4,ring_2,2,1,1.0,1.0,0.0,2,{},{},{},,ola2_taxonomy_v1,UNKNOWN,R_mean_lastW=na|entropy_quality=na|memory_score_k10=na|phase_var_lastW=na,True,True,4,4,4,4,4,True,True,4,True,0,0,0.0,1.0,0.17821101656547758,0.04566304172678871,0.1888111672063328,0.002843132952839884,0.695402706054612,0.04938716883651017,0.9983435478505708,4.653207081612426e-12,0.9999998758932904,0.17821101656547758,0.04566304172678871,0.1888111672063328,0.002843132952839884,0.695402706054612,0.04938716883651017,0.9289804764828861,1,0.0,0.0,0.0,1.0,87.95173212903319,89.67362234131433,0.8943464767283991,0.06014395826384085,0.04550953386190362,b407613a562a9eb2c242d512f310f060c82290d1bf7f2f4eb52efbf5a90240e7,ola2_taxonomy_v1,False,UNKNOWN,FUNCTIONAL_LOCK,VIABLE,A,True,631d30bc180a91a7,ring_2:FUNCTIONAL_LOCK:Roob_PE1_H1,R=0.695 PE=0.189 H=0.178 evals=4
0606ef654428bcf6fe24e4782dfc401fe5422d953fb2d977b018e625c88e34e3,ring_2,2,1,1.0,1.0,0.0,2,{},{},{},,ola2_taxonomy_v1,UNKNOWN,R_mean_lastW=na|entropy_quality=na|memory_score_k10=na|phase_var_lastW=na,True,True,4,4,4,4,4,True,True,4,True,0,0,0.0,1.0,0.21045503571975188,0.03773537104567122,0.1867411963327905,0.0011242547182149193,0.6899794132139266,0.11613520551669661,0.9734441637120796,2.7247135933744916e-10,0.9999962212080772,0.21045503571975188,0.03773537104567122,0.1867411963327905,0.0011242547182149193,0.6899794132139266,0.11613520551669661,0.8316830860565269,1,0.0,0.0,0.0,1.0,89.66926400153898,91.72710745861987,0.8903881587871857,0.02088867686982769,0.08872315170611017,0efd61f41f61702a27843ee0201d9d90d6484493536b2913bd4b45867873be85,ola2_taxonomy_v1,False,UNKNOWN,FUNCTIONAL_LOCK,VIABLE,A,True,631d30bc180a91a7,ring_2:FUNCTIONAL_LOCK:Roob_PE1_H1,R=0.690 PE=0.187 H=0.210 evals=4
ecea033fb727cacd67edd2500277a98157444efb22be1e28fb3b5300a9e2fc2a,ring_2,2,1,1.0,1.0,0.0,2,{},{},{},,ola2_taxonomy_v1,UNKNOWN,R_mean_lastW=na|entropy_quality=na|memory_score_k10=na|phase_var_lastW=na,True,True,4,4,4,4,4,True,True,4,True,0,0,0.0,1.0,0.3859226210501102,0.06486860263239368,0.20307964374880358,0.011701840723037302,0.7035574166674391,0.02127734464736722,0.9044233343965979,3.0267434090823595e-06,0.9992583403556702,0.3859226210501102,0.06486860263239368,0.20307964374880358,0.011701840723037302,0.7035574166674391,0.02127734464736722,0.9423780714451532,1,0.0,0.0,0.0,1.0,89.92104653804563,90.85341253139777,0.8190267202570686,0.0213532587846531,0.15962001717721042,bf463a0a384a6d2417b1ac95c17a7c4e4211f443fda2b2687dee5a7d259d9c0d,ola2_taxonomy_v1,False,UNKNOWN,FUNCTIONAL_LOCK,VIABLE,A,True,29a6648d414db444,ring_2:FUNCTIONAL_LOCK:R0_PE2_H2,R=0.704 PE=0.203 H=0.386 evals=4
23861339db6151e818ddffca8d92c8c95c3d0ab5013be6b1365af35f2ca55876,ring_2,2,1,1.0,1.0,0.0,2,{},{},{},,ola2_taxonomy_v1,UNKNOWN,R_mean_lastW=na|entropy_quality=na|memory_score_k10=na|phase_var_lastW=na,True,True,4,4,4,4,4,True,True,4,True,0,0,0.0,1.0,0.6317996993810517,0.11980825894270322,0.34239552021126407,0.002571081715744823,0.6367809409102364,0.014410396360505739,0.9985783709637617,1.83070753615318e-12,0.9999999278787562,0.6317996993810517,0.11980825894270322,0.34239552021126407,0.002571081715744823,0.6367809409102364,0.014410396360505739,0.977369931424287,1,0.0,0.0,0.0,1.0,85.26057421771111,86.2483652580413,0.496741543495198,0.39357908410852205,0.10967936689804722,431883e6ef740ef6d67651d72e45128a156cf2bb82102a43bd7e404347ecce54,ola2_taxonomy_v1,False,UNKNOWN,FUNCTIONAL_LOCK,VIABLE,A,True,ff5438f2dfdb3265,ring_2:FUNCTIONAL_LOCK:Roob_PE2_H3,R=0.637 PE=0.342 H=0.632 evals=4
82ccc1d5778d73fbdebd99c412f7cce730abb6e854371ab44612505ae2b6a09c,ring_2,2,1,1.0,1.0,0.0,2,{},{},{},,ola2_taxonomy_v1,UNKNOWN,R_mean_lastW=na|entropy_quality=na|memory_score_k10=na|phase_var_lastW=na,True,True,4,4,4,4,4,True,True,4,True,0,0,0.0,1.0,0.4883288800130542,0.04758295109931581,0.2412074931377737,0.03202233313465773,0.6585549236047217,0.008688861740617393,0.938849587223878,2.3207025677057866e-10,0.9999947545669277,0.4883288800130542,0.04758295109931581,0.2412074931377737,0.03202233313465773,0.6585549236047217,0.008688861740617393,0.8672415490991107,1,0.0,0.0,0.0,1.0,89.47039992146892,90.16110696451506,0.7227292006634083,0.14840581327285676,0.12886497933852448,d0c27e21fad19c03ec5f17c3817eff496a862353b2e26e146660f7e3a023af5a,ola2_taxonomy_v1,False,UNKNOWN,FUNCTIONAL_LOCK,VIABLE,A,True,e1610169dc4e68ad,ring_2:FUNCTIONAL_LOCK:Roob_PE2_H2,R=0.659 PE=0.241 H=0.488 evals=4
496545c46704e83c08cf2729f221b9d1374798970120e546d4b588c17f6a7cde,complete_4,4,6,1.0,3.0,0.0,2,{},{},{},,ola2_taxonomy_v1,UNKNOWN,R_mean_lastW=na|entropy_quality=na|memory_score_k10=na|phase_var_lastW=na,True,True,4,4,4,4,4,True,True,4,True,0,0,0.0,1.0,0.4875441720873823,0.03026831457311778,0.20971324177983902,0.0003391089230628532,0.5283000767329327,0.027158640689323006,0.960582674372542,4.6181358063794355e-07,0.9997933113073719,0.4875441720873823,0.03026831457311778,0.20971324177983902,0.0003391089230628532,0.5283000767329327,0.027158640689323006,0.9485923968490122,1,0.0,0.0,0.0,1.0,179.38844400976086,186.84416774077107,0.7366606430945692,0.06558394772143628,0.19775540542858497,b564efa891f9691bb83c36e2fee4cadd0487a64fd5cd021918f2faeee3bdfb81,ola2_taxonomy_v1,False,UNKNOWN,FUNCTIONAL_LOCK,VIABLE,B,True,88649e81af49a513,complete_4:FUNCTIONAL_LOCK:Roob_PE2_H2,R=0.528 PE=0.210 H=0.488 evals=4
a83bee468816738ee09d092573bcca08f0847c042be5cf24b2613bd5eeef6bc9,ring_2,2,1,1.0,1.0,0.0,2,{},{},{},,ola2_taxonomy_v1,UNKNOWN,R_mean_lastW=na|entropy_quality=na|memory_score_k10=na|phase_var_lastW=na,True,True,4,4,4,4,4,True,True,4,True,0,0,0.0,1.0,0.2153110078663348,0.03668626658603955,0.18521958700611058,0.00201041888314874,0.6765522246900962,0.0829129287939782,0.8598389475499177,2.560879199609383e-05,0.9974202685374696,0.2153110078663348,0.03668626658603955,0.18521958700611058,0.00201041888314874,0.6765522246900962,0.0829129287939782,0.8774478513732512,1,0.0,0.0,0.0,1.0,89.61402359319618,90.40011756712337,0.8363124838444329,0.009654167498201109,0.15403334237561764,98f4bda65eed744723b9b9341d7250ae9c2614bb7fe7161b5fc4617ecb10d18f,ola2_taxonomy_v1,False,UNKNOWN,FUNCTIONAL_LOCK,VIABLE,A,True,631d30bc180a91a7,ring_2:FUNCTIONAL_LOCK:Roob_PE1_H1,R=0.677 PE=0.185 H=0.215 evals=4
29aefffde84cf13cda19731b3de1ddf24977c737acb23f76c1e8dc61e7727215,ring_3,3,3,1.0,2.0,0.0,2,{},{},{},,ola2_taxonomy_v1,UNKNOWN,R_mean_lastW=na|entropy_quality=na|memory_score_k10=na|phase_var_lastW=na,True,True,4,4,4,4,4,True,True,4,True,0,0,0.0,1.0,0.29959623115288825,0.13778478683019402,0.19311075157977298,0.0027101567955343984,0.5866825422948702,0.08517257633512296,0.9739880883953876,2.664970667494399e-08,0.9999622814155762,0.29959623115288825,0.13778478683019402,0.19311075157977298,0.0027101567955343984,0.5866825422948702,0.08517257633512296,0.8548234007407797,1,0.0,0.0,0.0,1.0,131.03869603271596,132.56667562532238,0.853382595799875,0.03901766821380383,0.1075997325610493,086cdcfb2d0135b77a0fd6a428077e9b95c89ef9f4ac3305a9cc273e0ea36e9b,ola2_taxonomy_v1,False,UNKNOWN,FUNCTIONAL_LOCK,VIABLE,B,True,89f641d992c8934a,ring_3:FUNCTIONAL_LOCK:Roob_PE1_H1,R=0.587 PE=0.193 H=0.300 evals=4
32983e89f1705518a6afb5a1c5bf21b5fac2b75928ab600046785a29f89ad04e,bipartite_2_2,4,4,0.6666666666666666,2.0,0.0,2,{},{},{},,ola2_taxonomy_v1,UNKNOWN,R_mean_lastW=na|entropy_quality=na|memory_score_k10=na|phase_var_lastW=na,True,True,4,4,4,4,4,True,True,4,True,0,0,0.0,1.0,0.6148601303443763,0.11114929984606296,0.24982782513089907,0.0019498460261420816,0.47982807222584695,0.022688808844647253,0.9813785975870561,7.730084256629241e-07,0.9999837151227781,0.6148601303443763,0.11114929984606296,0.24982782513089907,0.0019498460261420816,0.47982807222584695,0.022688808844647253,0.9527147114602998,1,0.0,0.0,0.0,1.0,174.9591587052564,176.70778979079333,0.5154447780145626,0.3042471977677874,0.18030802328511575,3e6eb069f158695cc6904f5e789601d00c86d533e7d2cb50fc1a75af0c108f74,ola2_taxonomy_v1,False,UNKNOWN,FUNCTIONAL_LOCK,VIABLE,B,True,7cd2b5aea0f64b1d,bipartite_2_2:FUNCTIONAL_LOCK:Roob_PE2_H3,R=0.480 PE=0.250 H=0.615 evals=4
711f6d54e6e7a1b8a7e59ead70d54e07ce01097ab0d1bf08e24e0da1252264ed,complete_4,4,6,1.0,3.0,0.0,2,{},{},{},,ola2_taxonomy_v1,UNKNOWN,R_mean_lastW=na|entropy_quality=na|memory_score_k10=na|phase_var_lastW=na,True,True,4,4,4,4,4,True,True,4,True,0,0,0.0,1.0,0.441444541878761,0.09905494072652965,0.2778901242895422,0.12880270249724324,0.49806060146372766,0.04751774300596504,0.8305213601966578,0.007787608928182139,0.9469606326792165,0.441444541878761,0.09905494072652965,0.2778901242895422,0.12880270249724324,0.49806060146372766,0.04751774300596504,0.5364977333162089,1,0.0,0.0,0.0,1.0,176.96779778256314,178.7670680453535,0.7414282524084194,0.12582531319732299,0.13274643197207397,60a97b061eb391ba637b512da08f92237e91d24a38f2898767182e7b5929f1b2,ola2_taxonomy_v1,False,UNKNOWN,FUNCTIONAL_LOCK,VIABLE,B,True,88649e81af49a513,complete_4:FUNCTIONAL_LOCK:Roob_PE2_H2,R=0.498 PE=0.278 H=0.441 evals=4
6f3e5c28bebb117c76dfff53b6f780ef48a039b106846ec71a31d885ae395a3a,complete_4,4,6,1.0,3.0,0.0,2,{},{},{},,ola2_taxonomy_v1,UNKNOWN,R_mean_lastW=na|entropy_quality=na|memory_score_k10=na|phase_var_lastW=na,True,True,4,4,4,4,4,True,True,4,True,0,0,0.0,1.0,0.6108989710564466,0.08149884043072082,0.3058802604692439,0.019401542838931595,0.4629150127292927,0.020121937724575198,0.8995970572040051,6.113946655906836e-07,0.9995990481380064,0.6108989710564466,0.08149884043072082,0.3058802604692439,0.019401542838931595,0.4629150127292927,0.020121937724575198,0.9365714452800317,1,0.0,0.0,0.0,1.0,175.2666208690498,177.1548180552083,0.6300342704383564,0.12029569243113164,0.24967003519516193,016ee8d77106eb4e8f3465fb15935339ae12d34755e71d2bff5466b23cf1cb6b,ola2_taxonomy_v1,False,UNKNOWN,FUNCTIONAL_LOCK,VIABLE,B,True,340262789e51cbcb,complete_4:FUNCTIONAL_LOCK:Roob_PE2_H3,R=0.463 PE=0.306 H=0.611 evals=4
ee24fa7686db6b964e4e45764bcbcdc3889b8b4c743e874e06ffef8c226caada,ring_4,4,4,0.6666666666666666,2.0,0.0,2,{},{},{},,ola2_taxonomy_v1,UNKNOWN,R_mean_lastW=na|entropy_quality=na|memory_score_k10=na|phase_var_lastW=na,True,True,4,4,4,4,4,True,True,4,True,0,0,0.0,1.0,0.3546627112060804,0.015554877825085021,0.2004760956418328,0.0042954217582785404,0.5362672904420133,0.041198852436273845,0.8826096379950151,3.604814086118003e-05,0.9960601536681785,0.3546627112060804,0.015554877825085021,0.2004760956418328,0.0042954217582785404,0.5362672904420133,0.041198852436273845,0.9231747802437921,1,0.0,0.0,0.0,1.0,175.18000767199555,175.52473835952114,0.7990605413715005,0.01919722558985735,0.1817422308850289,708c9bc7a4e29f54af6d74681def40b46713dd0d6898c911220112d9c4f06457,ola2_taxonomy_v1,False,UNKNOWN,FUNCTIONAL_LOCK,VIABLE,B,True,187b25a031e6a911,ring_4:FUNCTIONAL_LOCK:Roob_PE2_H2,R=0.536 PE=0.200 H=0.355 evals=4
56860ce0d43acee28d836b970a126de21b9a52b7e8b63bfb7ff3bb466b7e312e,ring_3,3,3,1.0,2.0,0.0,2,{},{},{},,ola2_taxonomy_v1,UNKNOWN,R_mean_lastW=na|entropy_quality=na|memory_score_k10=na|phase_var_lastW=na,True,True,4,4,4,4,4,True,True,4,True,0,0,0.0,1.0,0.18633869921946797,0.19528349743461404,0.38099735350223896,0.14025254789434047,0.5565747953041917,0.02319500244853889,0.9333940957670174,5.7039431525949345e-09,0.9999769430583316,0.18633869921946797,0.19528349743461404,0.38099735350223896,0.14025254789434047,0.5565747953041917,0.02319500244853889,0.6318805193655597,1,0.0,0.0,0.0,1.0,132.10027799749514,132.52579433148495,0.1931837397046538,0.01947137332117132,0.7873448861922179,7915362abc82aa8e08baf6485a830c4692371922824761c71daed2bfa2b091bc,ola2_taxonomy_v1,False,UNKNOWN,FUNCTIONAL_LOCK,VIABLE,B,True,1fb225336c283f91,ring_3:FUNCTIONAL_LOCK:Roob_PE2_H1,R=0.557 PE=0.381 H=0.186 evals=4
a0b88599429fe1772aaf5b7230138b5766537f63c4127813bceadd45c992fda1,ring_2,2,1,1.0,1.0,0.0,2,{},{},{},,ola2_taxonomy_v1,UNKNOWN,R_mean_lastW=na|entropy_quality=na|memory_score_k10=na|phase_var_lastW=na,True,True,4,4,4,4,4,True,True,4,True,0,0,0.0,1.0,0.16796557324118522,0.03797141266445563,0.1898744048827378,0.003109509388158196,0.6427399115814979,0.03931424369563315,0.9491450413494009,2.6257992233599287e-07,0.9998387413575064,0.16796557324118522,0.03797141266445563,0.1898744048827378,0.003109509388158196,0.6427399115814979,0.03931424369563315,0.9388333554720474,1,0.0,0.0,0.0,1.0,90.09070154221263,90.8383300288464,0.9000277810667519,0.01293479352130205,0.08703741364796463,af3f1f15301afb8579b48acf83c402e32d641d8e7be51fdeb44a9d8e716a0df1,ola2_taxonomy_v1,False,UNKNOWN,FUNCTIONAL_LOCK,VIABLE,A,True,631d30bc180a91a7,ring_2:FUNCTIONAL_LOCK:Roob_PE1_H1,R=0.643 PE=0.190 H=0.168 evals=4
58c3e5e2bec9c5279a00393fb19e06a3242cfa5bc12c2539a7afb2ba2c7feb63,ring_2,2,1,1.0,1.0,0.0,2,{},{},{},,ola2_taxonomy_v1,UNKNOWN,R_mean_lastW=na|entropy_quality=na|memory_score_k10=na|phase_var_lastW=na,True,True,4,4,4,4,4,True,True,4,True,0,0,0.0,1.0,0.4428198461500632,0.15956291215218676,0.3499633601079525,0.0010949297008380743,0.6634936830572546,0.007098120465878443,0.9677300068244561,1.1005047172829777e-10,0.9999973565177981,0.4428198461500632,0.15956291215218676,0.3499633601079525,0.0010949297008380743,0.6634936830572546,0.007098120465878443,0.9893019019666146,1,0.0,0.0,0.0,1.0,88.8134488647338,89.40168537651189,0.33582660894706906,0.59248976202754,0.07168362746889331,5a61d985a6757b12253d50baf08b6c7d9d93bdb0b446b229280d112ac02b4a0e,ola2_taxonomy_v1,False,UNKNOWN,FUNCTIONAL_LOCK,VIABLE,A,True,e1610169dc4e68ad,ring_2:FUNCTIONAL_LOCK:Roob_PE2_H2,R=0.663 PE=0.350 H=0.443 evals=4
bc387685fed697790560bdb6457029c3d60f95a0676f62b87cdce4158a467b0e,ring_2,2,1,1.0,1.0,0.0,2,{},{},{},,ola2_taxonomy_v1,UNKNOWN,R_mean_lastW=na|entropy_quality=na|memory_score_k10=na|phase_var_lastW=na,True,True,4,4,4,4,4,True,True,4,True,0,0,0.0,1.0,0.5327163887131435,0.07274867805859067,0.18799004213896764,0.002893950288513705,0.6638252151238035,0.010543732316629282,0.9985299846383717,9.278105953543061e-11,0.9999994779529091,0.5327163887131435,0.07274867805859067,0.18799004213896764,0.002893950288513705,0.6638252151238035,0.010543732316629282,0.9841167041016017,1,0.0,0.0,0.0,1.0,85.7130082322401,86.75504238124704,0.6294760075692469,0.06046399974331957,0.31005999016925456,3b1aac999bc05930bdf3d7eea648ff30b2235ee00e860426ea4271601a437442,ola2_taxonomy_v1,False,UNKNOWN,FUNCTIONAL_LOCK,VIABLE,A,True,ee740a232621f280,ring_2:FUNCTIONAL_LOCK:Roob_PE1_H3,R=0.664 PE=0.188 H=0.533 evals=4
8434264e16dc6074aecdfd8c709360b9c65fbaafb8a48145d270a06cefd0a299,ring_2,2,1,1.0,1.0,0.0,2,{},{},{},,ola2_taxonomy_v1,UNKNOWN,R_mean_lastW=na|entropy_quality=na|memory_score_k10=na|phase_var_lastW=na,True,True,4,4,4,4,4,True,True,4,True,0,0,0.0,1.0,0.5556823880293729,0.1829890629837552,0.34100624089673054,0.0011012387478073007,0.6576151473085806,0.006203810573529795,0.9957572555841909,2.718298680054687e-11,0.9999995202380813,0.5556823880293729,0.1829890629837552,0.34100624089673054,0.0011012387478073007,0.6576151473085806,0.006203810573529795,0.9905661987882729,1,0.0,0.0,0.0,1.0,87.66138954623602,88.31105447175214,0.5604612539633805,0.3434263379782952,0.09611240001693871,3c3d2f88524018a88f0648e574bc06cc965b6f89b1f1c8b9167736d45fe35cd7,ola2_taxonomy_v1,False,UNKNOWN,FUNCTIONAL_LOCK,VIABLE,A,True,ff5438f2dfdb3265,ring_2:FUNCTIONAL_LOCK:Roob_PE2_H3,R=0.658 PE=0.341 H=0.556 evals=4
0f5dee1525b0a8ae578656609a899cb3ff22fb169ad6178886dbb6275fc05ed0,ring_2,2,1,1.0,1.0,0.0,2,{},{},{},,ola2_taxonomy_v1,UNKNOWN,R_mean_lastW=na|entropy_quality=na|memory_score_k10=na|phase_var_lastW=na,True,True,4,4,4,4,4,True,True,4,True,0,0,0.0,1.0,0.34160254853622396,0.12356119546872217,0.5379869735846341,0.03407893081649635,0.6775031639365632,0.043002561163756794,0.9999732160134045,1.929623672079665e-10,0.9999998984149513,0.34160254853622396,0.12356119546872217,0.5379869735846341,0.03407893081649635,0.6775031639365632,0.043002561163756794,0.9365278814140221,1,0.0,0.0,0.0,1.0,79.69535437552258,81.31175684131449,0.2663232767309124,0.003911886583057108,0.7297648331585251,3ec611bd22e9736bd1ec66741b1b7ee8000b93996fd5ac01a1458550447e1a4e,ola2_taxonomy_v1,False,UNKNOWN,FUNCTIONAL_LOCK,VIABLE,A,True,e8405dfb32b95fbf,ring_2:FUNCTIONAL_LOCK:Roob_PE3_H2,R=0.678 PE=0.538 H=0.342 evals=4
c1e858a26c42d26eb289a6b52a0d7154853245dd0c5b8c9480e7827d4efdf0d6,ring_2,2,1,1.0,1.0,0.0,2,{},{},{},,ola2_taxonomy_v1,UNKNOWN,R_mean_lastW=na|entropy_quality=na|memory_score_k10=na|phase_var_lastW=na,True,True,4,4,4,4,4,True,True,4,True,0,0,0.0,1.0,0.4487269498140304,0.07856892451618963,0.21123464814147305,0.01889877346132287,0.6946569986917014,0.08684554475144762,0.9940477509716281,1.257906352486387e-07,0.9999614016618644,0.4487269498140304,0.07856892451618963,0.21123464814147305,0.01889877346132287,0.6946569986917014,0.08684554475144762,0.8749806812354728,1,0.0,0.0,0.0,1.0,89.72298264305573,90.12671265187673,0.7248682876132586,0.04641237108143672,0.2287193344248763,088a0f9cac10b617104c0907355cb9a284c117ec881c4fc622aa06c072d654ec,ola2_taxonomy_v1,False,UNKNOWN,FUNCTIONAL_LOCK,VIABLE,A,True,e1610169dc4e68ad,ring_2:FUNCTIONAL_LOCK:Roob_PE2_H2,R=0.695 PE=0.211 H=0.449 evals=4
720a4c9ff66ac75dbf97990a28da47e9c523ec4f4dee72391292be71a79fe61e,ring_3,3,3,1.0,2.0,0.0,2,{},{},{},,ola2_taxonomy_v1,UNKNOWN,R_mean_lastW=na|entropy_quality=na|memory_score_k10=na|phase_var_lastW=na,True,True,4,4,4,4,4,True,True,4,True,0,0,0.0,1.0,0.6197119225368938,0.03384204827530789,0.3186279527819168,0.00047260676428570073,0.6186860505666847,0.03089100974247111,0.9902229199662285,8.136667165224313e-10,0.9999958841760042,0.6197119225368938,0.03384204827530789,0.3186279527819168,0.00047260676428570073,0.6186860505666847,0.03089100974247111,0.9500699753709065,1,0.0,0.0,0.0,1.0,131.823080383474,133.46745760773774,0.44666680216518223,0.31758796534212413,0.23574522986079383,023cb45ad8edc22346be36996cc18993ee7394efc5923181ae870e050e3c4930,ola2_taxonomy_v1,False,UNKNOWN,FUNCTIONAL_LOCK,VIABLE,A,True,0da0683c4b5c61df,ring_3:FUNCTIONAL_LOCK:Roob_PE2_H3,R=0.619 PE=0.319 H=0.620 evals=4
f0ac09630bc109bdbb6508611952bf6234626d3c1e0ef90472a1d203769b2a22,ring_2,2,1,1.0,1.0,0.0,2,{},{},{},,ola2_taxonomy_v1,UNKNOWN,R_mean_lastW=na|entropy_quality=na|memory_score_k10=na|phase_var_lastW=na,True,True,4,4,4,4,4,True,True,4,True,0,0,0.0,1.0,0.396130555095421,0.07279014603508006,0.21192466040274338,0.008585947833461227,0.6608910670425006,0.040631022562771124,0.9906550498708994,4.248619003725366e-11,0.9999991109823694,0.396130555095421,0.07279014603508006,0.21192466040274338,0.008585947833461227,0.6608910670425006,0.040631022562771124,0.938520847702488,1,0.0,0.0,0.0,1.0,89.51216858474072,89.92475794117199,0.7917807580341558,0.047598418247948256,0.16062081112314472,1b420f4c3fda3a3a7f92594688127dd3c7b0c23ef4c3060c6d6ef9de1d278ff6,ola2_taxonomy_v1,False,UNKNOWN,FUNCTIONAL_LOCK,VIABLE,A,True,e1610169dc4e68ad,ring_2:FUNCTIONAL_LOCK:Roob_PE2_H2,R=0.661 PE=0.212 H=0.396 evals=4
3ee8cf5165bf54809c0791a24c5f73596cfcce53d8d2ba725ab038f5b3361c76,ring_2,2,1,1.0,1.0,0.0,2,{},{},{},,ola2_taxonomy_v1,UNKNOWN,R_mean_lastW=na|entropy_quality=na|memory_score_k10=na|phase_var_lastW=na,True,True,4,4,4,4,4,True,True,4,True,0,0,0.0,1.0,0.506455794375887,0.06771900994739956,0.22945980605050423,0.04222824095287348,0.6721140024401844,0.031815668249869526,0.9983272864303412,2.775761969433783e-12,0.9999999036758711,0.506455794375887,0.06771900994739956,0.22945980605050423,0.04222824095287348,0.6721140024401844,0.031815668249869526,0.815966719053275,1,0.0,0.0,0.0,1.0,87.09336138376966,88.56192033924162,0.6950758627859462,0.09847197578590068,0.2064521577767926,f96d0bba129f80c3ccdd3112fa307045010f6f568f1a7ca1bfefaac09bd94aac,ola2_taxonomy_v1,False,UNKNOWN,FUNCTIONAL_LOCK,VIABLE,A,True,ff5438f2dfdb3265,ring_2:FUNCTIONAL_LOCK:Roob_PE2_H3,R=0.672 PE=0.229 H=0.506 evals=4
e7a9ed349707267cdd1abc32b14db5faeac02f478427efaf6c7e71ef32cdc300,ring_2,2,1,1.0,1.0,0.0,2,{},{},{},,ola2_taxonomy_v1,UNKNOWN,R_mean_lastW=na|entropy_quality=na|memory_score_k10=na|phase_var_lastW=na,True,True,4,4,4,4,4,True,True,4,True,0,0,0.0,1.0,0.408563283776263,0.022302354435460553,0.1861621476223532,0.0005629392648403372,0.6710768326201372,0.04370837291704764,0.9723645287192976,1.4775870134202252e-10,0.9999971620573764,0.408563283776263,0.022302354435460553,0.1861621476223532,0.0005629392648403372,0.6710768326201372,0.04370837291704764,0.9348683030132426,1,0.0,0.0,0.0,1.0,88.0113765434944,88.58314742055954,0.71528702866095,0.017549763298573266,0.2671632005923604,0cdd9718877c8f9f5e5fd0bd3adb29e8dadf7870f331a08bb8581c35e58f6cfd,ola2_taxonomy_v1,False,UNKNOWN,FUNCTIONAL_LOCK,VIABLE,A,True,3a4d99d5b841605f,ring_2:FUNCTIONAL_LOCK:Roob_PE1_H2,R=0.671 PE=0.186 H=0.409 evals=4
ed06d964866fb7c85864444b2a3a600e50df803c79f3cef5f236c165fd195f61,ring_3,3,3,1.0,2.0,0.0,2,{},{},{},,ola2_taxonomy_v1,UNKNOWN,R_mean_lastW=na|entropy_quality=na|memory_score_k10=na|phase_var_lastW=na,True,True,4,4,4,4,4,True,True,4,True,0,0,0.0,1.0,0.2835598749303611,0.08471294537522209,0.2071900778360687,0.03466760577572873,0.47714103475896497,0.055755784343594246,0.9286318351363936,2.3654275793492187e-09,0.9999793888819025,0.2835598749303611,0.08471294537522209,0.2071900778360687,0.03466760577572873,0.47714103475896497,0.055755784343594246,0.8326772877456122,1,0.0,0.0,0.0,1.0,131.45667568297358,132.8013006065972,0.8393455026941088,0.0423666937916831,0.11828779920102062,526f955a889fcae68cd3ed1b658f3b66bdc4406ec721649c82b5d81ea8192ff5,ola2_taxonomy_v1,False,UNKNOWN,FUNCTIONAL_LOCK,VIABLE,B,True,1fb225336c283f91,ring_3:FUNCTIONAL_LOCK:Roob_PE2_H1,R=0.477 PE=0.207 H=0.284 evals=4
d6404a5e60ceac7a05a0b146cd8c65a8ce519eeb75bbcce1840a5a9b84cf9c95,ring_2,2,1,1.0,1.0,0.0,2,{},{},{},,ola2_taxonomy_v1,UNKNOWN,R_mean_lastW=na|entropy_quality=na|memory_score_k10=na|phase_var_lastW=na,True,True,4,4,4,4,4,True,True,4,True,0,0,0.0,1.0,0.31118097799333805,0.02712130139988386,0.21689873531180118,0.00042670464775863067,0.6830201603925693,0.03061898070554404,0.9405349498062049,3.3249094228562293e-10,0.9999938058540836,0.31118097799333805,0.02712130139988386,0.21689873531180118,0.00042670464775863067,0.6830201603925693,0.03061898070554404,0.9551711904258497,1,0.0,0.0,0.0,1.0,88.75512613292085,89.15158463794505,0.8629186233525933,0.011507187137969494,0.1255741851906637,1363b55a435be4fbf736e0667e78c8ee565fafaea30d5534dfbde7303d9e8bd4,ola2_taxonomy_v1,False,UNKNOWN,FUNCTIONAL_LOCK,VIABLE,A,True,e1610169dc4e68ad,ring_2:FUNCTIONAL_LOCK:Roob_PE2_H2,R=0.683 PE=0.217 H=0.311 evals=4
38909c4bc161809391e47072b34c467b5ea3ffbbd2912dd2298ece14fdd38ccf,ring_2,2,1,1.0,1.0,0.0,2,{},{},{},,ola2_taxonomy_v1,UNKNOWN,R_mean_lastW=na|entropy_quality=na|memory_score_k10=na|phase_var_lastW=na,True,True,4,4,4,4,4,True,True,4,True,0,0,0.0,1.0,0.5657878828001213,0.12382501345491088,0.3077355645183076,0.07001989233353341,0.6985145792788828,0.02426861415829155,0.9821451192786387,1.0438261655612576e-09,0.9999939223009949,0.5657878828001213,0.12382501345491088,0.3077355645183076,0.07001989233353341,0.6985145792788828,0.02426861415829155,0.772467337523584,1,0.0,0.0,0.0,1.0,90.66490672098007,91.36560199321248,0.532856394128222,0.312955035875078,0.1541885677385382,a057b659596d9ebe8f81c44db199a407dd690691998cf0926e7833989041047d,ola2_taxonomy_v1,False,UNKNOWN,FUNCTIONAL_LOCK,VIABLE,A,True,ff5438f2dfdb3265,ring_2:FUNCTIONAL_LOCK:Roob_PE2_H3,R=0.699 PE=0.308 H=0.566 evals=4
386817abeb2f2c20b66fd02c0ae055e8c0d04095a183d5516392b6e80a4d90e5,ring_3,3,3,1.0,2.0,0.0,2,{},{},{},,ola2_taxonomy_v1,UNKNOWN,R_mean_lastW=na|entropy_quality=na|memory_score_k10=na|phase_var_lastW=na,True,True,4,4,4,4,4,True,True,4,True,0,0,0.0,1.0,0.4734492370304867,0.07996060598437942,0.21698663775388405,0.0014043647132787169,0.5497218583977918,0.019504096668677886,0.9830394228817237,3.5418456951764385e-09,0.999991179571509,0.4734492370304867,0.07996060598437942,0.21698663775388405,0.0014043647132787169,0.5497218583977918,0.019504096668677886,0.9645200634271227,1,0.0,0.0,0.0,1.0,132.9043651727843,134.75938833227846,0.6594204771451866,0.023942330709210858,0.3166371899366027,a2800d33bd383a67c328d4088b7248abc5a8b1874dd86afc88f2b465c27c21aa,ola2_taxonomy_v1,False,UNKNOWN,FUNCTIONAL_LOCK,VIABLE,B,True,6357695ae876ac33,ring_3:FUNCTIONAL_LOCK:Roob_PE2_H2,R=0.550 PE=0.217 H=0.473 evals=4
970714d52c1d4540ac2a38acc2d08404bdf9d43c339449a9f2a9b01eec590a92,ring_2,2,1,1.0,1.0,0.0,2,{},{},{},,ola2_taxonomy_v1,UNKNOWN,R_mean_lastW=na|entropy_quality=na|memory_score_k10=na|phase_var_lastW=na,True,True,4,4,4,4,4,True,True,4,True,0,0,0.0,1.0,0.5329523954456197,0.025540497929134254,0.2146790705192936,0.0007072751099669332,0.645220588615616,0.06264145116993128,0.9972955261941552,2.0579713914308403e-10,0.9999989457229774,0.5329523954456197,0.025540497929134254,0.2146790705192936,0.0007072751099669332,0.645220588615616,0.06264145116993128,0.9029146740274754,1,0.0,0.0,0.0,1.0,88.59174004977103,88.97018474754877,0.6760734510681292,0.0875047730717898,0.2364217729847634,895240f3bface3a0c5740a47374fd45f0a942af988880fb9e83eb681f59200fc,ola2_taxonomy_v1,False,UNKNOWN,FUNCTIONAL_LOCK,VIABLE,A,True,ff5438f2dfdb3265,ring_2:FUNCTIONAL_LOCK:Roob_PE2_H3,R=0.645 PE=0.215 H=0.533 evals=4
f1dc7f679696a193cbd24f697441da2d3871396e6c5d73d794fb1cfe7d7e5daf,complete_4,4,6,1.0,3.0,0.0,2,{},{},{},,ola2_taxonomy_v1,UNKNOWN,R_mean_lastW=na|entropy_quality=na|memory_score_k10=na|phase_var_lastW=na,True,True,4,4,4,4,4,True,True,4,True,0,0,0.0,1.0,0.6881320414591674,0.036703437408564875,0.23552562001328725,0.0156485158878071,0.5564883672487506,0.011527761951164027,0.9393646458299119,1.5345038349822616e-06,0.9994918104345878,0.6881320414591674,0.036703437408564875,0.23552562001328725,0.0156485158878071,0.5564883672487506,0.011527761951164027,0.9335591776091099,1,0.0,0.0,0.0,1.0,174.05227013200056,174.60698053789093,0.5338712330521882,0.278544823619736,0.18758394186953575,1954b70a78dedb14b99d64c279b036bcb23c9fa4a92a708d4e05df076e712176,ola2_taxonomy_v1,False,UNKNOWN,FUNCTIONAL_LOCK,VIABLE,B,True,340262789e51cbcb,complete_4:FUNCTIONAL_LOCK:Roob_PE2_H3,R=0.556 PE=0.236 H=0.688 evals=4
74c411e312201419f16eb6cdeb5dad3f85e51a3b84ee1559e8658d6b2622d466,ring_3,3,3,1.0,2.0,0.0,2,{},{},{},,ola2_taxonomy_v1,UNKNOWN,R_mean_lastW=na|entropy_quality=na|memory_score_k10=na|phase_var_lastW=na,True,True,4,4,4,4,4,True,True,4,True,0,0,0.0,1.0,0.4401905859181401,0.09514912760528522,0.1899849088158617,0.0027764177968548267,0.5869681658050303,0.03391690528646175,0.9620888562328002,6.751971699391885e-09,0.99998721075586,0.4401905859181401,0.09514912760528522,0.1899849088158617,0.0027764177968548267,0.5869681658050303,0.03391690528646175,0.9422167891508315,1,0.0,0.0,0.0,1.0,132.25696146470727,134.90894400643884,0.7433058387690911,0.036916040698085094,0.2197781167543248,49d3037aebdfcacf430bc5238a2de2105fed4d0ee93970299064c0e250ca55e8,ola2_taxonomy_v1,False,UNKNOWN,FUNCTIONAL_LOCK,VIABLE,B,True,64df6b42e1735047,ring_3:FUNCTIONAL_LOCK:Roob_PE1_H2,R=0.587 PE=0.190 H=0.440 evals=4
6e2c0601091844ea18a8c9f5e0e8ed33f84007b7d801f35408961bb341baea9e,ring_2,2,1,1.0,1.0,0.0,2,{},{},{},,ola2_taxonomy_v1,UNKNOWN,R_mean_lastW=na|entropy_quality=na|memory_score_k10=na|phase_var_lastW=na,True,True,4,4,4,4,4,True,True,4,True,0,0,0.0,1.0,0.3554268523357028,0.08125609133582272,0.21547945425242443,0.00042638833362969016,0.6603031600266311,0.029098297247045348,0.9895013494710149,2.53175333356811e-09,0.9999927290431968,0.3554268523357028,0.08125609133582272,0.21547945425242443,0.00042638833362969016,0.6603031600266311,0.029098297247045348,0.9559319127809842,1,0.0,0.0,0.0,1.0,89.02181423926959,90.4785490506678,0.8367378523229925,0.024347801555809574,0.13891434224258217,9c8e5a7fe65245e3808b9ee4613a5d2028c703de7c469950b05554a9d426ca59,ola2_taxonomy_v1,False,UNKNOWN,FUNCTIONAL_LOCK,VIABLE,A,True,e1610169dc4e68ad,ring_2:FUNCTIONAL_LOCK:Roob_PE2_H2,R=0.660 PE=0.215 H=0.355 evals=4
d63cfbec14e19110511b065def9729f5eb5e1c12a03a72d2b71f86f3c8dfb191,ring_2,2,1,1.0,1.0,0.0,2,{},{},{},,ola2_taxonomy_v1,UNKNOWN,R_mean_lastW=na|entropy_quality=na|memory_score_k10=na|phase_var_lastW=na,True,True,4,4,4,4,4,True,True,4,True,0,0,0.0,1.0,0.5171954481077681,0.09317894146272597,0.3439640681484636,0.044517818929238194,0.7323211332791083,0.010346554509228936,0.9401945129211808,9.49238661852807e-10,0.9999895053248601,0.5171954481077681,0.09317894146272597,0.3439640681484636,0.044517818929238194,0.7323211332791083,0.010346554509228936,0.8705742167521313,1,0.0,0.0,0.0,1.0,89.48690462420927,89.94166362659307,0.6562210260942727,0.14626344740893155,0.19751552190057503,2dd46a5d29b494831b85eb148c31df6bbb4ed94cc1143bfc4e47a0762803babd,ola2_taxonomy_v1,False,UNKNOWN,FUNCTIONAL_LOCK,VIABLE,A,True,139c4319dd42d899,ring_2:FUNCTIONAL_LOCK:R0_PE2_H3,R=0.732 PE=0.344 H=0.517 evals=4
fb337d5ada954a5a2efd431d67428230a9ad3a9c6a75c5db1c46d0cc673ff3b8,ring_3,3,3,1.0,2.0,0.0,2,{},{},{},,ola2_taxonomy_v1,UNKNOWN,R_mean_lastW=na|entropy_quality=na|memory_score_k10=na|phase_var_lastW=na,True,True,4,4,4,4,4,True,True,4,True,0,0,0.0,1.0,0.5731789286544489,0.14265764845180648,0.3253055253463879,0.0007527341185188444,0.60019100622112,0.037936315010440286,0.8703216298156226,2.3969757448240974e-05,0.9972703542885551,0.5731789286544489,0.14265764845180648,0.3253055253463879,0.0007527341185188444,0.60019100622112,0.037936315010440286,0.9367929298886163,1,0.0,0.0,0.0,1.0,133.36197383102262,134.25263334079645,0.22364306388442184,0.713356620068978,0.06300031507590516,c5f6376b5c29b198b9e8f7c61332fbc734601126e03cfaa22d8e96788a39e13c,ola2_taxonomy_v1,False,UNKNOWN,FUNCTIONAL_LOCK,VIABLE,A,True,0da0683c4b5c61df,ring_3:FUNCTIONAL_LOCK:Roob_PE2_H3,R=0.600 PE=0.325 H=0.573 evals=4
8c8a412d6027dc46ae3b9788bcc1241a585a59cad81206c4badf722b3b04b94f,ladder_2,4,4,0.6666666666666666,2.0,0.0,2,{},{},{},,ola2_taxonomy_v1,UNKNOWN,R_mean_lastW=na|entropy_quality=na|memory_score_k10=na|phase_var_lastW=na,True,True,4,4,4,4,4,True,True,4,True,0,0,0.0,1.0,0.453907442979273,0.04565821050957237,0.20019471648795345,0.00690026112790824,0.4778075272828117,0.06408399387066659,0.9450008728129722,3.5263124352533204e-06,0.9994642651664575,0.453907442979273,0.04565821050957237,0.20019471648795345,0.00690026112790824,0.4778075272828117,0.06408399387066659,0.8658790617320358,1,0.0,0.0,0.0,1.0,174.1526888773078,174.73999699082924,0.7461640596049881,0.06355234801882903,0.19028358958764865,493deaf1c8f535f33fb098a37c90fa2ed44ac832e446534f02bf73571c82cd7c,ola2_taxonomy_v1,False,UNKNOWN,FUNCTIONAL_LOCK,VIABLE,B,True,19db2fb32bed7851,ladder_2:FUNCTIONAL_LOCK:Roob_PE2_H2,R=0.478 PE=0.200 H=0.454 evals=4
86a277310e34ee4886d9fe7358cd791d7938f34f9b773ba043e0ab8925248cfc,ring_3,3,3,1.0,2.0,0.0,2,{},{},{},,ola2_taxonomy_v1,UNKNOWN,R_mean_lastW=na|entropy_quality=na|memory_score_k10=na|phase_var_lastW=na,True,True,4,4,4,4,4,True,True,4,True,0,0,0.0,1.0,0.3385463600553663,0.09113656653100849,0.26725891563221454,0.057063027167924635,0.5888204603408711,0.011010630701196952,0.922032436307063,4.3680295999053923e-05,0.9974246206590435,0.3385463600553663,0.09113656653100849,0.26725891563221454,0.057063027167924635,0.5888204603408711,0.011010630701196952,0.7864878444450052,1,0.0,0.0,0.0,1.0,132.05429819325218,132.60915044206195,0.8440474999222158,0.05887613151257007,0.09707636546343167,c7c540f032389eb41993a30743321fcc6c779a93527123279f45f0a5782647a0,ola2_taxonomy_v1,False,UNKNOWN,FUNCTIONAL_LOCK,VIABLE,B,True,6357695ae876ac33,ring_3:FUNCTIONAL_LOCK:Roob_PE2_H2,R=0.589 PE=0.267 H=0.339 evals=4
5b82ea0504a39d4f35c7c2a9695fc96b9f2a6f19cc704c2e5f1390160c46050c,ring_4,4,4,0.6666666666666666,2.0,0.0,2,{},{},{},,ola2_taxonomy_v1,UNKNOWN,R_mean_lastW=na|entropy_quality=na|memory_score_k10=na|phase_var_lastW=na,True,True,4,4,4,4,4,True,True,4,True,0,0,0.0,1.0,0.6221315704698908,0.23567935392830855,0.29139644381228164,0.05787879133372255,0.4911182624941043,0.018030098340454024,0.9422125184246486,2.952294009211987e-06,0.9998074815615653,0.6221315704698908,0.23567935392830855,0.29139644381228164,0.05787879133372255,0.4911182624941043,0.018030098340454024,0.801374407400084,1,0.0,0.0,0.0,1.0,173.46020923304604,173.80631156546298,0.6297323233527663,0.170574957589597,0.1996927180401155,0200d4eca03d5e11f8851ede3a19eda1d8cb137b84404ce01e35e5dee88d4cb9,ola2_taxonomy_v1,False,UNKNOWN,FUNCTIONAL_LOCK,VIABLE,B,True,34c0b895c1d9f5c5,ring_4:FUNCTIONAL_LOCK:Roob_PE2_H3,R=0.491 PE=0.291 H=0.622 evals=4
49116a3c73ddf40e84c533f8c3742ef1a778bfd42cd812fa6ef37121b6946ca9,ring_2,2,1,1.0,1.0,0.0,2,{},{},{},,ola2_taxonomy_v1,UNKNOWN,R_mean_lastW=na|entropy_quality=na|memory_score_k10=na|phase_var_lastW=na,True,True,4,4,4,4,4,True,True,4,True,0,0,0.0,1.0,0.44966879899927326,0.040956641268377426,0.19443983622864652,0.0024114051401659523,0.7068025658921766,0.05618933958034129,0.8872662245919231,0.011963150368419117,0.953016122322184,0.44966879899927326,0.040956641268377426,0.19443983622864652,0.0024114051401659523,0.7068025658921766,0.05618933958034129,0.9205020718771513,1,0.0,0.0,0.0,1.0,90.56085317552788,91.0043715338339,0.7524668534283216,0.060391157488276566,0.1871419848734795,cfe85a2ef89d803db1410a94515a379485febc7a9b8ea909e2854dde4cbd07f1,ola2_taxonomy_v1,False,UNKNOWN,FUNCTIONAL_LOCK,VIABLE,A,True,e6cea0161a90be88,ring_2:FUNCTIONAL_LOCK:R0_PE1_H2,R=0.707 PE=0.194 H=0.450 evals=4
d933fe732d834989665652591e6b91cea270b60ae1e09eaab22953fb2745ecd1,ring_2,2,1,1.0,1.0,0.0,2,{},{},{},,ola2_taxonomy_v1,UNKNOWN,R_mean_lastW=na|entropy_quality=na|memory_score_k10=na|phase_var_lastW=na,True,True,4,4,4,4,4,True,True,4,True,0,0,0.0,1.0,0.6462490182179612,0.20224470132908598,0.22001813959684954,0.007142807626210023,0.7162798481134526,0.04428250724293353,0.9964230143356338,6.540963564849254e-11,0.9999993165823773,0.6462490182179612,0.20224470132908598,0.22001813959684954,0.007142807626210023,0.7162798481134526,0.04428250724293353,0.9381770862888781,1,0.0,0.0,0.0,1.0,87.73860294074984,88.1305095301359,0.46266953931776833,0.3634890861480796,0.17384137090403573,b9bfcd9a07787ce0d322e600030224de1a8f4a345616fe497afca37016a29cb6,ola2_taxonomy_v1,False,UNKNOWN,FUNCTIONAL_LOCK,VIABLE,A,True,139c4319dd42d899,ring_2:FUNCTIONAL_LOCK:R0_PE2_H3,R=0.716 PE=0.220 H=0.646 evals=4
3d51b9dfdc9d4b6cfbbc86015aaabcbb856802bdd955790f66fe7f730d96408e,ring_2,2,1,1.0,1.0,0.0,2,{},{},{},,ola2_taxonomy_v1,UNKNOWN,R_mean_lastW=na|entropy_quality=na|memory_score_k10=na|phase_var_lastW=na,True,True,4,4,4,4,4,True,True,4,True,0,0,0.0,1.0,0.4089709139462765,0.06448938961951092,0.20946026140938062,0.039118940144271544,0.678714952174168,0.08846023180510178,0.9935480976779814,5.891104792523491e-11,0.9999991295385328,0.4089709139462765,0.06448938961951092,0.20946026140938062,0.039118940144271544,0.678714952174168,0.08846023180510178,0.813239323387383,1,0.0,0.0,0.0,1.0,87.66476956679253,88.56969235903816,0.6480877400840933,0.006324736717676721,0.34558752037470974,360c548d20f42a9253498c7733e7a87d98e82088a14eee4da4238b560f0bc1bc,ola2_taxonomy_v1,False,UNKNOWN,FUNCTIONAL_LOCK,VIABLE,A,True,e1610169dc4e68ad,ring_2:FUNCTIONAL_LOCK:Roob_PE2_H2,R=0.679 PE=0.209 H=0.409 evals=4
190bdd00f705af588d1670e1774485eb5e63a83fe911c1fb420af74b859cb817,ring_2,2,1,1.0,1.0,0.0,2,{},{},{},,ola2_taxonomy_v1,UNKNOWN,R_mean_lastW=na|entropy_quality=na|memory_score_k10=na|phase_var_lastW=na,True,True,4,4,4,4,4,True,True,4,True,0,0,0.0,1.0,0.28028499576921884,0.011385085935977129,0.19603529814358261,0.000728762217522883,0.6256730815238619,0.11196955325474668,0.9791188002757418,1.2163580715321372e-10,0.9999977579069257,0.28028499576921884,0.011385085935977129,0.19603529814358261,0.000728762217522883,0.6256730815238619,0.11196955325474668,0.8210414407120752,1,0.0,0.0,0.0,1.0,88.9558294347371,89.50454942246434,0.8748039531414677,0.04232925174775644,0.0828667845063508,ffd94d3f02495e250bcfedf67de72a98d9f65bfdb93ff6517a2ef9e2cf315774,ola2_taxonomy_v1,False,UNKNOWN,FUNCTIONAL_LOCK,VIABLE,A,True,631d30bc180a91a7,ring_2:FUNCTIONAL_LOCK:Roob_PE1_H1,R=0.626 PE=0.196 H=0.280 evals=4
f1feaaabc0fb4caea60e252f6f1a133195ef81e39eb0965bbf5063a94f51a74c,complete_4,4,6,1.0,3.0,0.0,2,{},{},{},,ola2_taxonomy_v1,UNKNOWN,R_mean_lastW=na|entropy_quality=na|memory_score_k10=na|phase_var_lastW=na,True,True,4,4,4,4,4,True,True,4,True,0,0,0.0,1.0,0.38886709261664676,0.06193631027867116,0.2135321938536598,0.010583358430265127,0.49627127168611496,0.04008670345528136,0.9167425347784223,1.873819825676707e-08,0.9999340982773455,0.38886709261664676,0.06193631027867116,0.2135321938536598,0.010583358430265127,0.49627127168611496,0.04008670345528136,0.9192242111474958,1,0.0,0.0,0.0,1.0,176.42316030245274,178.2309839376365,0.7959288166860599,0.024804609757091065,0.17926657049828307,f8c48f2c48f60244845fc2c9b6427803cdf24b5089924421fb82fdbe25c50a04,ola2_taxonomy_v1,False,UNKNOWN,FUNCTIONAL_LOCK,VIABLE,B,True,88649e81af49a513,complete_4:FUNCTIONAL_LOCK:Roob_PE2_H2,R=0.496 PE=0.214 H=0.389 evals=4
a1a6c7a1e09f698d3f2a2e1976324f00014f5a20a3908b705fb815255dda0a6f,ring_3,3,3,1.0,2.0,0.0,2,{},{},{},,ola2_taxonomy_v1,UNKNOWN,R_mean_lastW=na|entropy_quality=na|memory_score_k10=na|phase_var_lastW=na,True,True,4,4,4,4,4,True,True,4,True,0,0,0.0,1.0,0.35088042634399297,0.1235265771218903,0.1954857448979349,0.004940319558451654,0.5983511377316709,0.02357354973985922,0.9911433460531812,5.23506003447787e-07,0.9999701656608578,0.35088042634399297,0.1235265771218903,0.1954857448979349,0.004940319558451654,0.5983511377316709,0.02357354973985922,0.9606024819653126,1,0.0,0.0,0.0,1.0,132.41798611852573,133.90667099284474,0.74781667347602,0.003636411846384997,0.2485469124968738,ab3f3b72fb751daf9d641c0676554c92c499617d1e877572aff640a1f308dd1d,ola2_taxonomy_v1,False,UNKNOWN,FUNCTIONAL_LOCK,VIABLE,B,True,64df6b42e1735047,ring_3:FUNCTIONAL_LOCK:Roob_PE1_H2,R=0.598 PE=0.195 H=0.351 evals=4
7caf4ca59f766fb88bef60276764b8520217389c95ad7be22596a9e70cca9ba0,ring_2,2,1,1.0,1.0,0.0,2,{},{},{},,ola2_taxonomy_v1,UNKNOWN,R_mean_lastW=na|entropy_quality=na|memory_score_k10=na|phase_var_lastW=na,True,True,4,4,4,4,4,True,True,4,True,0,0,0.0,1.0,0.3372590764284025,0.046106862557946084,0.18858574008303472,0.002274817467083863,0.7076677024551761,0.046168079467372274,0.9157588040743153,6.020944334547412e-10,0.9999901426604505,0.3372590764284025,0.046106862557946084,0.18858574008303472,0.002274817467083863,0.7076677024551761,0.046168079467372274,0.9347602281308061,1,0.0,0.0,0.0,1.0,89.84892942669103,90.44778049439192,0.7997292368236989,0.01443092410180318,0.18583983418286038,6a9d70240dacb0a39a2d37663a8aec83db87f9ef6efb702a9a998e988e7f113e,ola2_taxonomy_v1,False,UNKNOWN,FUNCTIONAL_LOCK,VIABLE,A,True,e6cea0161a90be88,ring_2:FUNCTIONAL_LOCK:R0_PE1_H2,R=0.708 PE=0.189 H=0.337 evals=4
6769df5c952b1f662fa9112007e2c025dd4f3f2aa80e7129b4fff0d0ec8a53c7,bipartite_2_2,4,4,0.6666666666666666,2.0,0.0,2,{},{},{},,ola2_taxonomy_v1,UNKNOWN,R_mean_lastW=na|entropy_quality=na|memory_score_k10=na|phase_var_lastW=na,True,True,4,4,4,4,4,True,True,4,True,0,0,0.0,1.0,0.4285033972629371,0.054065424329991466,0.23195755678714794,0.04809100885958952,0.46678249026291885,0.05388993278804127,0.8870503646687036,0.02127883406007188,0.9400323615348924,0.4285033972629371,0.054065424329991466,0.23195755678714794,0.04809100885958952,0.46678249026291885,0.05388993278804127,0.7926732393386975,1,0.0,0.0,0.0,1.0,174.2788684911793,175.3460085250088,0.7654704887783587,0.07180234308454951,0.16272716581826172,8aa6cd769022720f38f5a781146b3f363f339fa3b552d4c13ce00f2733519ab0,ola2_taxonomy_v1,False,UNKNOWN,FUNCTIONAL_LOCK,VIABLE,B,True,4fa825e3687f7b68,bipartite_2_2:FUNCTIONAL_LOCK:Roob_PE2_H2,R=0.467 PE=0.232 H=0.429 evals=4
46c5049fb7f89f1dc2ba1267082ec31980206d9981cb0779ec88b9e20faf3208,ring_2,2,1,1.0,1.0,0.0,2,{},{},{},,ola2_taxonomy_v1,UNKNOWN,R_mean_lastW=na|entropy_quality=na|memory_score_k10=na|phase_var_lastW=na,True,True,4,4,4,4,4,True,True,4,True,0,0,0.0,1.0,0.06258815330923884,0.025733361167291094,0.42806151868005116,0.11380593373470652,0.6552726598779242,0.030577344185548253,0.9802929140877428,6.968943042566899e-09,0.9999835060775031,0.06258815330923884,0.025733361167291094,0.42806151868005116,0.11380593373470652,0.6552726598779242,0.030577344185548253,0.7341364996189502,1,0.0,0.0,0.0,1.0,90.77047627954744,91.47874297320377,0.011762981787260308,0.0019438997238720216,0.9862931182462362,b1dc9542bb15307ec026d645225ee440e074be6f41f0cd00e95995c96cc9d6ba,ola2_taxonomy_v1,False,UNKNOWN,FUNCTIONAL_LOCK,VIABLE,A,True,369709fe28c7760f,ring_2:FUNCTIONAL_LOCK:Roob_PE3_H0,R=0.655 PE=0.428 H=0.063 evals=4
80f502f42c778569a1c1a673c76dfe13c0b079d710a4801109fd6f1288f85c90,ladder_2,4,4,0.6666666666666666,2.0,0.0,2,{},{},{},,ola2_taxonomy_v1,UNKNOWN,R_mean_lastW=na|entropy_quality=na|memory_score_k10=na|phase_var_lastW=na,True,True,4,4,4,4,4,True,True,4,True,0,0,0.0,1.0,0.6507681752170498,0.15844071870522303,0.23756282744828436,0.00571632434357113,0.5104183029206133,0.024038431439348938,0.9666722498793863,4.641221573121104e-05,0.997781082664262,0.6507681752170498,0.15844071870522303,0.23756282744828436,0.00571632434357113,0.5104183029206133,0.024038431439348938,0.9529044485634605,1,0.0,0.0,0.0,1.0,175.12950768746668,176.3117651062552,0.48798435565023,0.31436160893897824,0.1976540345565845,719a5b4593039122b648ac7a5e64044f76157feb5c02b3c20584dccdc28f775f,ola2_taxonomy_v1,False,UNKNOWN,FUNCTIONAL_LOCK,VIABLE,B,True,c406389cacdb14b8,ladder_2:FUNCTIONAL_LOCK:Roob_PE2_H3,R=0.510 PE=0.238 H=0.651 evals=4
f4c5cc60efed3e22c3fca0d137b08477c8f09428ca45871965d0cd3107369fc2,ring_2,2,1,1.0,1.0,0.0,2,{},{},{},,ola2_taxonomy_v1,UNKNOWN,R_mean_lastW=na|entropy_quality=na|memory_score_k10=na|phase_var_lastW=na,True,True,4,4,4,4,4,True,True,4,True,0,0,0.0,1.0,0.4534575276355945,0.08068662981763171,0.1923723389773372,0.0025413824421353154,0.6713096192379823,0.04199703938648908,0.9897805051660762,5.054238938448431e-12,0.9999996794158071,0.4534575276355945,0.08068662981763171,0.1923723389773372,0.0025413824421353154,0.6713096192379823,0.04199703938648908,0.9374401346517859,1,0.0,0.0,0.0,1.0,89.86548548348946,90.49866407224908,0.6799304256453754,0.09325575799842425,0.22681381007732646,79a9f22954f0efa2d72ea2b61a5bab24572884cd2628a25b35ed411419068e2d,ola2_taxonomy_v1,False,UNKNOWN,FUNCTIONAL_LOCK,VIABLE,A,True,3a4d99d5b841605f,ring_2:FUNCTIONAL_LOCK:Roob_PE1_H2,R=0.671 PE=0.192 H=0.453 evals=4
a88c41a9c65a073d3d84445a873ce6d1608cfbce5349699a8341543463b1e350,ring_2,2,1,1.0,1.0,0.0,2,{},{},{},,ola2_taxonomy_v1,UNKNOWN,R_mean_lastW=na|entropy_quality=na|memory_score_k10=na|phase_var_lastW=na,True,True,4,4,4,4,4,True,True,4,True,0,0,0.0,1.0,0.41987362358865093,0.061163879036157436,0.20814074815778863,0.0038051341874146436,0.6398965011458875,0.028458416601279537,0.99832472851474,2.1962796232097225e-12,0.9999999142529077,0.41987362358865093,0.061163879036157436,0.20814074815778863,0.0038051341874146436,0.6398965011458875,0.028458416601279537,0.9555265319464664,1,0.0,0.0,0.0,1.0,87.83259134256514,89.64317510443507,0.7784701490593932,0.013698107369906874,0.20783173978745015,b67578476c29de85924f4fc9189c6d7c5bcb3d971f911cf02a071de258acfccd,ola2_taxonomy_v1,False,UNKNOWN,FUNCTIONAL_LOCK,VIABLE,A,True,e1610169dc4e68ad,ring_2:FUNCTIONAL_LOCK:Roob_PE2_H2,R=0.640 PE=0.208 H=0.420 evals=4
fd928fa3ddfcc2c1a0fa20f1b9c8f11bdb7ea51063361bb094ceb4c6c450dbc1,ring_3,3,3,1.0,2.0,0.0,2,{},{},{},,ola2_taxonomy_v1,UNKNOWN,R_mean_lastW=na|entropy_quality=na|memory_score_k10=na|phase_var_lastW=na,True,True,4,4,4,4,4,True,True,4,True,0,0,0.0,1.0,0.4747081066883537,0.08996217989607296,0.32280889995831613,0.0918426300427899,0.5535080841309783,0.01946638513735485,0.9972561978399658,6.7274652551337756e-09,0.9999974205592755,0.4747081066883537,0.08996217989607296,0.32280889995831613,0.0918426300427899,0.5535080841309783,0.01946638513735485,0.715489163853136,1,0.0,0.0,0.0,1.0,129.19810607621912,130.94545238189167,0.4799148307681176,0.4187604987995198,0.1013246675593126,65c313a9bde2fe224948b383bf99631a595cafaf66fae85ce4a21c6816b4cf2a,ola2_taxonomy_v1,False,UNKNOWN,FUNCTIONAL_LOCK,VIABLE,B,True,6357695ae876ac33,ring_3:FUNCTIONAL_LOCK:Roob_PE2_H2,R=0.554 PE=0.323 H=0.475 evals=4
a490da6ca98e13ddd3e8671058a4e39d3686d46bf5f7b21c0dece1e359409624,ring_4,4,4,0.6666666666666666,2.0,0.0,2,{},{},{},,ola2_taxonomy_v1,UNKNOWN,R_mean_lastW=na|entropy_quality=na|memory_score_k10=na|phase_var_lastW=na,True,True,4,4,4,4,4,True,True,4,True,0,0,0.0,1.0,0.39494153049181147,0.18466540119898758,0.4864181655680626,0.09953967614655297,0.4756790546690573,0.01424350739888613,0.9811678573985634,0.003465720015493827,0.9838039857507912,0.39494153049181147,0.18466540119898758,0.4864181655680626,0.09953967614655297,0.4756790546690573,0.01424350739888613,0.7953619268509313,1,0.0,0.0,0.0,1.0,172.67833860544488,173.2357506554923,0.29872586662833006,0.0449160832795545,0.6563580493856961,24c41514ce9dc6ae905bd259a771c0038dd58d46509663dfefeb70aade707dd8,ola2_taxonomy_v1,False,UNKNOWN,FUNCTIONAL_LOCK,VIABLE,B,True,29ec3405bb811450,ring_4:FUNCTIONAL_LOCK:Roob_PE3_H2,R=0.476 PE=0.486 H=0.395 evals=4
c6ec376cb870968d2388629fe147128e121102da18c43faa2aef98cb3678c15c,ring_3,3,3,1.0,2.0,0.0,2,{},{},{},,ola2_taxonomy_v1,UNKNOWN,R_mean_lastW=na|entropy_quality=na|memory_score_k10=na|phase_var_lastW=na,True,True,4,4,4,4,4,True,True,4,True,0,0,0.0,1.0,0.3887922752767243,0.06839307684404411,0.22061833297345854,0.006781514040033345,0.5533652140594103,0.016711672297956854,0.9788094996735776,1.317536915559056e-10,0.9999976850488179,0.3887922752767243,0.06839307684404411,0.22061833297345854,0.006781514040033345,0.5533652140594103,0.016711672297956854,0.9692613304223943,1,0.0,0.0,0.0,1.0,132.35362013126723,133.4817620249465,0.6278506147389006,0.01717962029763575,0.3549697612598016,3ac6f9926586cc1c30f7b3b9562a166888c2a5560e9c4d5c88a030709b0c362b,ola2_taxonomy_v1,False,UNKNOWN,FUNCTIONAL_LOCK,VIABLE,B,True,6357695ae876ac33,ring_3:FUNCTIONAL_LOCK:Roob_PE2_H2,R=0.553 PE=0.221 H=0.389 evals=4
cbe2ab0cecb629f70e5cd13d63a217ffef68667a02d72475106c4c543a011ce6,ring_3,3,3,1.0,2.0,0.0,2,{},{},{},,ola2_taxonomy_v1,UNKNOWN,R_mean_lastW=na|entropy_quality=na|memory_score_k10=na|phase_var_lastW=na,True,True,4,4,4,4,4,True,True,4,True,0,0,0.0,1.0,0.3568469819860915,0.05833445514826242,0.21225602347036027,0.00132445204416076,0.5982329465111086,0.025486005999509682,0.978648206322515,2.8963110470154857e-08,0.999959731875196,0.3568469819860915,0.05833445514826242,0.21225602347036027,0.00132445204416076,0.5982329465111086,0.025486005999509682,0.9573978562228244,1,0.0,0.0,0.0,1.0,132.77021975349635,134.10384087531128,0.8476403894392853,0.023075948160125166,0.1292836599973052,434fb1a1c88f71ac2ee93002e63f770365d84167f4cb4ddeecdec1d80aaff806,ola2_taxonomy_v1,False,UNKNOWN,FUNCTIONAL_LOCK,VIABLE,B,True,6357695ae876ac33,ring_3:FUNCTIONAL_LOCK:Roob_PE2_H2,R=0.598 PE=0.212 H=0.357 evals=4
a4263b20c991cdc9903f7a8895c0575eb5ee6f603362d8bc2e58ed27d10283cd,ring_4,4,4,0.6666666666666666,2.0,0.0,2,{},{},{},,ola2_taxonomy_v1,UNKNOWN,R_mean_lastW=na|entropy_quality=na|memory_score_k10=na|phase_var_lastW=na,True,True,4,4,4,4,4,True,True,4,True,0,0,0.0,1.0,0.4710462522556614,0.03106469520336244,0.23698704217168498,0.047159035728925575,0.4781964623663044,0.057493744974137985,0.831398439484381,0.00044025315032430426,0.9858984996757318,0.4710462522556614,0.03106469520336244,0.23698704217168498,0.047159035728925575,0.4781964623663044,0.057493744974137985,0.8010058470000175,1,0.0,0.0,0.0,1.0,175.53281963948393,176.14500789300072,0.7386252729549534,0.046045303846063784,0.21532942103830655,90a343ea15e719721dfd05415a3d6a22dbfd759f7f11b2e00fd58607aaa8c6e1,ola2_taxonomy_v1,False,UNKNOWN,FUNCTIONAL_LOCK,VIABLE,B,True,187b25a031e6a911,ring_4:FUNCTIONAL_LOCK:Roob_PE2_H2,R=0.478 PE=0.237 H=0.471 evals=4
8185d4735aba885abe0c699948991881a0430d2591931274d600955317182e70,complete_5,5,10,1.0,4.0,0.0,2,{},{},{},,ola2_taxonomy_v1,UNKNOWN,R_mean_lastW=na|entropy_quality=na|memory_score_k10=na|phase_var_lastW=na,True,True,4,4,4,4,4,True,True,4,True,0,0,0.0,1.0,0.7251371107513115,0.10552236360674544,0.23707923793627317,0.0052762169119290325,0.5034197648878683,0.023050399138806642,0.9724523400785847,0.00025423428158825124,0.9995106213194485,0.7251371107513115,0.10552236360674544,0.23707923793627317,0.0052762169119290325,0.5034197648878683,0.023050399138806642,0.9542123675975637,1,0.0,0.0,0.0,1.0,213.4680177992559,214.31105168070644,0.5623043466648706,0.2716944425892003,0.1660012096188241,b99f28ce567cd7283cb91ec7d2becd50c03717a0108b41296e62cff7a62a147e,ola2_taxonomy_v1,False,UNKNOWN,FUNCTIONAL_LOCK,VIABLE,B,True,9d6a7a459f640eb3,complete_5:FUNCTIONAL_LOCK:Roob_PE2_H4,R=0.503 PE=0.237 H=0.725 evals=4
78baf656b8a385d13b24fb3b7142a58ce3aea40518ec1d9bc0e69e90918d3d03,ring_2,2,1,1.0,1.0,0.0,2,{},{},{},,ola2_taxonomy_v1,UNKNOWN,R_mean_lastW=na|entropy_quality=na|memory_score_k10=na|phase_var_lastW=na,True,True,4,4,4,4,4,True,True,4,True,0,0,0.0,1.0,0.4722175373633792,0.08594111144195231,0.2132490945950118,0.005326853286323065,0.6846818620988717,0.019114886179525836,0.9995195318003186,1.422803868674405e-07,0.9999882636995309,0.4722175373633792,0.08594111144195231,0.2132490945950118,0.005326853286323065,0.6846818620988717,0.019114886179525836,0.9720820906209934,1,0.0,0.0,0.0,1.0,80.24891682871385,82.05133498706854,0.7170323304088311,0.015186414375942687,0.2677812509581856,a68c6f7bb4ea24d4842c05543aff0a2f751cf8a446bb39dfb0b43d6a1c834a5a,ola2_taxonomy_v1,False,UNKNOWN,FUNCTIONAL_LOCK,VIABLE,A,True,e1610169dc4e68ad,ring_2:FUNCTIONAL_LOCK:Roob_PE2_H2,R=0.685 PE=0.213 H=0.472 evals=4
